net.weights:[array([0.]), array([[ 1.93677809e-50, -9.71195391e-51,  1.01185334e-50, ...,
         2.14018804e-51,  1.46910864e-50,  1.48086512e-50],
       [ 3.46936502e-51, -1.10369543e-50,  1.20955072e-50, ...,
         1.31750162e-50, -1.04959910e-50,  1.55601999e-51],
       [-2.29919346e-50,  1.75318706e-52, -1.66388808e-50, ...,
         1.70792759e-50, -3.96867807e-51, -1.71077686e-51],
       ...,
       [-3.06842971e-51, -3.93219557e-51,  6.87436622e-51, ...,
        -2.37655642e-50, -7.16714493e-51,  3.11677635e-50],
       [ 3.54455323e-51, -1.25424967e-50, -3.50327431e-50, ...,
         1.23204816e-50, -1.58059906e-50,  1.51590478e-50],
       [ 7.16676684e-51, -2.02878364e-50,  1.82167612e-50, ...,
        -1.71184999e-50, -3.03886004e-50,  1.17106259e-50]]), array([[ 2.78500761e-51,  7.10221550e-51, -1.37054292e-01,
        -8.45936598e-02, -3.56495911e-51, -7.44667233e-02,
        -9.47972347e-52, -1.20784210e-50,  1.19171557e-50,
        -9.16678249e-02, -7.38063989e-02, -7.88030321e-51,
        -7.21007906e-02,  4.58312316e-02, -1.56190873e-01,
         3.77064460e-51, -8.89214232e-51, -7.54188625e-02,
         1.27054581e-51, -7.29310016e-02, -5.97640115e-02,
        -4.19701888e-02, -9.43318988e-02, -7.92772438e-02,
        -2.49640037e-50, -8.90607648e-02, -1.91218365e-02,
         4.55503279e-01, -6.41978167e-02,  1.58913147e-50,
        -5.88155781e-02, -1.27688921e-02, -7.69873625e-51,
         1.75613859e-50,  2.40584814e-50, -1.62480611e-02,
        -1.84595453e-02, -1.21270628e-50, -3.20831883e-02,
        -6.38005994e-02, -1.19285573e-50, -8.81732225e-51,
        -8.15433114e-02, -2.37777645e-50, -5.87010636e-02,
        -1.93342272e-50, -3.35131148e-02,  4.17837474e-51,
         1.66069827e-50,  1.14967165e-50],
       [-1.36248952e-50, -4.03117251e-50,  1.99660589e-01,
         1.29681077e-01, -1.08954631e-50,  1.10858238e-01,
         1.30872263e-50,  8.12347198e-51, -4.57457123e-51,
         1.40877279e-01,  8.14541616e-02, -4.07773473e-51,
         1.12437595e-01, -2.23766137e-01, -1.89973717e-01,
        -3.96863388e-51,  1.41538989e-51,  1.31776178e-01,
         2.09037287e-50,  1.14844138e-01,  4.27390138e-02,
         4.82379479e-02, -1.00440290e-01,  1.25981376e-01,
         3.10946022e-51,  1.33884427e-01,  2.77898891e-02,
        -2.75826217e-01,  1.01105692e-01, -1.35988708e-50,
         9.08942931e-02,  1.83273665e-02, -1.38295983e-51,
         8.49224949e-51, -1.10025908e-50,  2.50788028e-02,
         2.94182897e-02, -8.22640208e-51,  3.39128450e-02,
         9.66419726e-02, -1.29306710e-51, -4.77836290e-51,
         1.17289884e-01,  5.88691837e-51, -6.54500862e-02,
         1.86425353e-50,  4.92457119e-02,  9.40969863e-51,
        -1.00889347e-50,  3.53434117e-52],
       [-1.26690452e-50, -4.03756768e-51,  1.42344852e-01,
         6.27710447e-02, -1.08820527e-50, -3.46595242e-02,
        -1.61112585e-50,  4.26117640e-51,  3.40782767e-51,
        -4.14636932e-02, -3.56561766e-02,  1.37011896e-50,
        -3.20966796e-02,  2.20133706e-01, -1.61155513e-01,
        -3.79648974e-51,  7.63542795e-51,  5.90667036e-02,
        -1.67761483e-50,  6.80359948e-02, -2.92507453e-02,
        -2.02902605e-02, -1.15983917e-01, -3.12863385e-02,
         5.48879086e-52,  7.50040821e-02,  1.43372066e-02,
        -1.94097665e-02,  5.99846387e-02,  1.54426733e-51,
         5.67183987e-02, -6.00707736e-03,  2.24092125e-50,
         4.90298582e-50,  1.84254678e-50,  1.59440112e-02,
         1.65494151e-03, -1.58733816e-50, -1.54333831e-02,
         4.94394476e-02, -1.50838414e-51, -1.62613732e-50,
         8.57629640e-02,  2.78639136e-51, -6.47070817e-02,
         3.77322227e-51,  3.46161226e-02,  2.43329555e-50,
        -8.20475644e-51, -1.95137216e-50],
       [ 2.16306861e-50,  1.87717688e-51,  7.65272170e-02,
         4.09979087e-02,  1.91555171e-50,  4.13606937e-02,
        -2.52475796e-51, -1.27618431e-50,  3.30071941e-51,
         4.64853467e-02,  7.12569610e-02, -8.23408084e-51,
         3.48791434e-02, -2.32489163e-01, -1.38342246e-01,
        -5.48801706e-51, -1.84238409e-50,  1.33211919e-02,
        -2.67398853e-51,  2.92289862e-02,  8.11810655e-02,
         3.84828420e-02,  2.78591941e-02,  3.63204606e-02,
        -6.91160202e-51,  4.61002495e-02,  1.13593819e-02,
         2.41468944e-01,  2.57289075e-02,  1.42593125e-50,
         2.58910189e-02,  7.82709559e-03,  4.96974115e-51,
        -6.21896817e-52, -2.06852031e-51,  7.14238139e-03,
         7.74920121e-03, -9.73993942e-51,  3.25499357e-02,
         3.24741346e-02,  7.81021407e-51,  2.79576044e-50,
         4.75126568e-02,  1.15796365e-50,  8.78875540e-02,
         3.08981649e-51,  1.80713044e-02, -1.59349345e-50,
        -1.64952947e-50, -1.29383173e-50],
       [ 4.43699746e-51,  3.20158147e-50, -1.03274401e-01,
        -6.06575156e-02,  2.85410532e-50, -3.81791989e-02,
        -1.31093158e-50,  1.08690389e-50,  1.28297309e-50,
        -4.77019522e-02, -3.48326048e-02, -5.60813368e-51,
        -3.77979463e-02,  1.62648120e-01,  2.25059457e-01,
        -2.05372208e-50,  9.92966051e-51, -5.41315264e-02,
         3.58929778e-50, -5.38393057e-02, -2.61040136e-02,
        -2.00083956e-02,  1.27221355e-01, -4.25671914e-02,
         2.87107857e-50, -6.49885288e-02, -1.37314808e-02,
        -2.25402792e-01, -4.74114423e-02,  1.40048521e-50,
        -4.36949925e-02, -6.47448222e-03, -5.19145202e-51,
        -3.54834937e-51,  1.42590999e-50, -1.20988137e-02,
        -1.13627199e-02,  1.14539112e-50, -1.50318733e-02,
        -4.60283222e-02, -1.68864899e-50,  1.83374977e-50,
        -6.15144896e-02, -6.12483772e-51,  4.41953681e-02,
         3.78440664e-51, -2.51984257e-02,  3.67193029e-51,
         1.14550702e-50,  1.53710764e-50],
       [ 4.64695688e-51,  4.30285696e-51, -6.59623764e-02,
        -3.08654740e-02, -2.73675246e-51,  1.68274117e-02,
         2.52236056e-50, -8.44060901e-51,  1.13628602e-50,
         1.86124101e-02,  2.67035651e-02, -1.29879310e-50,
         1.38218345e-02, -1.04455994e-01, -8.28552090e-02,
         1.63266163e-50,  6.20904247e-51, -3.53995471e-02,
         1.59032895e-50, -3.47536048e-02,  2.93273209e-02,
         1.45708190e-02,  7.26955015e-02,  1.24689566e-02,
         5.88286743e-52, -3.58624523e-02, -6.47176691e-03,
         1.85618677e-01, -3.06333724e-02,  7.09812182e-51,
        -2.82326320e-02,  3.14307640e-03, -3.27501105e-51,
        -2.06572135e-50, -5.31567716e-51, -7.92432741e-03,
        -1.36286979e-03, -1.30947397e-50,  1.20503531e-02,
        -2.38549604e-02,  1.58211248e-50, -3.94024332e-51,
        -3.92215347e-02,  6.61450583e-51,  5.75747050e-02,
         1.39142104e-50, -1.62123011e-02, -4.21596334e-51,
         1.27353526e-50,  6.87423496e-51],
       [ 1.07061300e-50,  1.03214502e-50, -5.05730664e-02,
        -2.62884438e-02,  1.50402662e-50, -1.90146072e-02,
        -2.40101766e-50,  1.14863728e-50, -3.92175897e-51,
        -2.26272253e-02, -2.54583770e-02,  1.78156528e-50,
        -1.75103867e-02,  4.54828072e-01, -2.34530652e-01,
         5.87449834e-51, -2.10429828e-50, -1.32643753e-02,
         2.28504562e-51, -2.09186814e-02, -2.56130257e-02,
        -1.40237664e-02,  2.72858001e-02, -1.91020175e-02,
        -5.08049618e-51, -2.96560608e-02, -6.81425146e-03,
        -1.43431107e-01, -1.84177537e-02,  4.84025238e-51,
        -1.81425048e-02, -3.39835505e-03,  1.85372032e-50,
        -5.30483348e-51, -2.40429116e-50, -5.01830627e-03,
        -4.55188074e-03, -2.74264718e-51, -1.14437840e-02,
        -2.06968042e-02,  1.89864369e-50, -9.56276262e-51,
        -3.11750823e-02,  3.20716311e-50, -3.07710294e-02,
         3.67503278e-51, -1.20725133e-02,  2.32607137e-50,
        -1.01777449e-50,  2.37160214e-50],
       [-4.83713492e-51, -2.10944503e-50, -4.13388140e-02,
        -2.83846818e-02,  1.46480021e-50, -3.95210723e-02,
        -3.74615665e-51,  2.68784125e-50, -2.05884666e-50,
        -4.74148101e-02, -4.51004417e-02, -4.39966127e-52,
        -3.67979790e-02, -2.43825719e-01,  4.28724223e-01,
        -2.85488693e-52,  2.26602799e-50, -2.30690381e-02,
        -4.73276753e-51, -2.21211524e-02, -4.13735666e-02,
        -2.52495967e-02, -1.08850976e-01, -3.92144355e-02,
         1.16470234e-51, -2.89798144e-02, -6.59215540e-03,
        -7.80121877e-02, -1.94684860e-02, -1.83909474e-50,
        -1.77323272e-02, -6.93247951e-03, -1.21016592e-50,
        -2.02162311e-50,  1.66115353e-50, -4.86043439e-03,
        -7.74156502e-03, -2.07082239e-50, -1.98369120e-02,
        -2.12581029e-02,  2.40735787e-51,  4.76186894e-52,
        -2.45848592e-02, -1.75337178e-50, -5.96529635e-02,
         1.31753496e-51, -1.00689713e-02, -9.71927573e-51,
        -9.57278689e-51,  1.36888946e-50],
       [-1.25683390e-51,  3.57937343e-50,  6.41046490e-02,
         4.30965069e-02, -8.45386360e-51,  4.91493215e-02,
         6.14480331e-51,  3.20718614e-51, -3.77700290e-51,
         6.06680677e-02,  4.66655234e-02, -8.75412774e-51,
         4.77888787e-02, -4.43038076e-02, -1.58091327e-02,
        -1.64199314e-51,  8.10967114e-51,  3.85331926e-02,
         1.01002999e-50,  3.53197030e-02,  3.73379404e-02,
         2.66677554e-02,  7.46045248e-02,  5.20556245e-02,
        -3.53161991e-51,  4.41074734e-02,  9.63845033e-03,
         3.12049045e-02,  3.10783123e-02, -2.12217731e-51,
         2.81822547e-02,  8.37318986e-03,  1.31518683e-50,
        -3.37002336e-50,  8.72341229e-51,  7.73705359e-03,
         1.10283589e-02, -6.08143340e-51,  2.01852704e-02,
         3.21813153e-02,  4.16776881e-51,  3.71820474e-51,
         3.79762550e-02,  1.10443626e-50,  5.01774610e-02,
         5.22289126e-51,  1.57033298e-02,  2.01385127e-50,
        -4.24350371e-51,  5.77439830e-51],
       [-2.49964809e-51,  4.60228971e-52, -8.44343567e-02,
        -4.57567619e-02, -1.68379372e-52, -1.23545389e-02,
         1.28475318e-51,  2.90512248e-50,  3.48247316e-50,
        -1.57675979e-02, -1.12262122e-02,  1.44773705e-50,
        -1.26236690e-02, -3.46003098e-02,  3.25073662e-01,
        -1.13785931e-50, -6.40239050e-51, -4.14139162e-02,
        -6.55964739e-51, -4.28650757e-02, -8.47997794e-03,
        -6.41715618e-03,  8.99407059e-02, -1.53791913e-02,
         2.53288807e-50, -5.05486109e-02, -1.03934369e-02,
        -1.71713734e-01, -3.77686792e-02,  8.00197940e-51,
        -3.50679308e-02, -2.08944215e-03,  1.11948255e-50,
         1.49397187e-50,  9.19155917e-51, -9.75230602e-03,
        -6.37221062e-03,  1.99970034e-51, -4.86926365e-03,
        -3.50980810e-02,  1.52781928e-50, -1.94587359e-50,
        -5.05024830e-02,  1.58422604e-50,  3.94471363e-02,
         1.14117136e-50, -2.05711425e-02, -8.77493378e-51,
         1.76152777e-50, -6.90651338e-52]])],net.biases:[array([0.]), array([[-4.18517723e-47],
       [-5.50926731e-47],
       [ 2.91234075e-02],
       [ 1.89416169e-02],
       [-2.50681544e-46],
       [ 1.71966751e-02],
       [-1.16845135e-46],
       [-1.33777398e-46],
       [-2.13182169e-47],
       [ 2.17145291e-02],
       [ 1.36617815e-02],
       [-1.67598203e-46],
       [ 1.72390512e-02],
       [ 2.22136732e-02],
       [ 5.05233829e-02],
       [-2.80114926e-46],
       [-9.88623481e-47],
       [ 1.88892000e-02],
       [-2.65410602e-46],
       [ 1.65935295e-02],
       [ 8.69703685e-03],
       [ 8.01816053e-03],
       [ 8.45441656e-03],
       [ 1.91331247e-02],
       [-9.51339158e-47],
       [ 1.95757446e-02],
       [ 4.10505598e-03],
       [ 8.82935396e-03],
       [ 1.46079810e-02],
       [-2.17930725e-46],
       [ 1.31633309e-02],
       [ 2.86651337e-03],
       [-3.41335030e-48],
       [-3.64602019e-47],
       [-3.55459008e-47],
       [ 3.63219622e-03],
       [ 4.37370327e-03],
       [-3.76275681e-46],
       [ 5.78970015e-03],
       [ 1.41381217e-02],
       [-1.84343934e-47],
       [-2.22596207e-46],
       [ 1.71462320e-02],
       [-1.86886168e-46],
       [ 2.79873777e-03],
       [-9.83218695e-47],
       [ 7.17819785e-03],
       [-2.70637082e-46],
       [-7.72831764e-47],
       [-8.35003630e-47]]), array([[-0.03574129],
       [ 0.07238605],
       [-0.02432866],
       [-0.02034378],
       [ 0.0126308 ],
       [ 0.01392324],
       [ 0.00163903],
       [ 0.02561346],
       [-0.04677225],
       [ 0.0009934 ]])],net.linear:[array([0.]), array([[-4.17697369e-47],
       [-5.51072682e-47],
       [-8.46760876e-03],
       [-1.30716383e-02],
       [-2.50965584e-46],
       [-3.07142202e-04],
       [-1.16965298e-46],
       [-1.33751416e-46],
       [-2.14005935e-47],
       [-5.30153937e-03],
       [ 4.65938500e-02],
       [-1.67858356e-46],
       [-8.72059503e-03],
       [ 2.52792695e+00],
       [ 7.01711311e-01],
       [-2.80431050e-46],
       [-9.90475801e-47],
       [-3.35568330e-02],
       [-2.65659708e-46],
       [-1.69102892e-02],
       [ 9.71445348e-02],
       [ 2.43922906e-02],
       [ 7.67017317e-01],
       [-1.71250452e-02],
       [-9.51035221e-47],
       [-8.42959788e-03],
       [-4.81812824e-04],
       [ 3.25529936e+00],
       [-1.49064610e-02],
       [-2.18074745e-46],
       [-1.08936044e-02],
       [ 1.26394477e-03],
       [-3.32776495e-48],
       [-3.63735233e-47],
       [-3.55196975e-47],
       [-3.15401476e-03],
       [-4.23910626e-03],
       [-3.77285329e-46],
       [ 2.37097752e-02],
       [-8.03461293e-03],
       [-1.84023644e-47],
       [-2.23089082e-46],
       [-2.34992406e-03],
       [-1.86947723e-46],
       [ 4.41852755e-01],
       [-9.83774039e-47],
       [-2.39240281e-03],
       [-2.71017887e-46],
       [-7.73934499e-47],
       [-8.35482835e-47]]), array([[ 1.34426761],
       [-1.62273139],
       [ 0.23633881],
       [ 0.15889578],
       [-0.04665552],
       [ 0.38654754],
       [ 0.52276631],
       [-0.65760867],
       [ 0.00879052],
       [-0.330611  ]])],net.nuerons:[array([[0.        ],
       [0.        ],
       [0.        ],
       [0.        ],
       [0.        ],
       [0.        ],
       [0.        ],
       [0.        ],
       [0.        ],
       [0.        ],
       [0.        ],
       [0.        ],
       [0.        ],
       [0.        ],
       [0.        ],
       [0.        ],
       [0.        ],
       [0.        ],
       [0.        ],
       [0.        ],
       [0.        ],
       [0.        ],
       [0.        ],
       [0.        ],
       [0.        ],
       [0.        ],
       [0.        ],
       [0.        ],
       [0.        ],
       [0.        ],
       [0.        ],
       [0.        ],
       [0.        ],
       [0.        ],
       [0.        ],
       [0.        ],
       [0.        ],
       [0.        ],
       [0.        ],
       [0.        ],
       [0.        ],
       [0.        ],
       [0.        ],
       [0.        ],
       [0.        ],
       [0.        ],
       [0.        ],
       [0.        ],
       [0.        ],
       [0.        ],
       [0.        ],
       [0.        ],
       [0.        ],
       [0.        ],
       [0.        ],
       [0.        ],
       [0.        ],
       [0.        ],
       [0.        ],
       [0.        ],
       [0.        ],
       [0.        ],
       [0.        ],
       [0.        ],
       [0.        ],
       [0.        ],
       [0.        ],
       [0.        ],
       [0.        ],
       [0.        ],
       [0.        ],
       [0.        ],
       [0.        ],
       [0.        ],
       [0.        ],
       [0.        ],
       [0.        ],
       [0.        ],
       [0.        ],
       [0.        ],
       [0.        ],
       [0.        ],
       [0.        ],
       [0.        ],
       [0.        ],
       [0.        ],
       [0.        ],
       [0.        ],
       [0.        ],
       [0.        ],
       [0.        ],
       [0.        ],
       [0.        ],
       [0.        ],
       [0.        ],
       [0.        ],
       [0.        ],
       [0.        ],
       [0.        ],
       [0.        ],
       [0.        ],
       [0.        ],
       [0.        ],
       [0.        ],
       [0.        ],
       [0.        ],
       [0.        ],
       [0.        ],
       [0.        ],
       [0.        ],
       [0.        ],
       [0.        ],
       [0.        ],
       [0.        ],
       [0.        ],
       [0.        ],
       [0.        ],
       [0.        ],
       [0.        ],
       [0.        ],
       [0.        ],
       [0.        ],
       [0.        ],
       [0.        ],
       [0.        ],
       [0.11328125],
       [0.5078125 ],
       [0.6484375 ],
       [0.6796875 ],
       [0.375     ],
       [0.125     ],
       [0.        ],
       [0.        ],
       [0.        ],
       [0.        ],
       [0.        ],
       [0.        ],
       [0.        ],
       [0.        ],
       [0.        ],
       [0.        ],
       [0.        ],
       [0.        ],
       [0.        ],
       [0.        ],
       [0.        ],
       [0.        ],
       [0.        ],
       [0.        ],
       [0.        ],
       [0.        ],
       [0.11328125],
       [0.53515625],
       [0.90625   ],
       [0.984375  ],
       [0.98828125],
       [0.984375  ],
       [0.984375  ],
       [0.8203125 ],
       [0.1953125 ],
       [0.        ],
       [0.        ],
       [0.        ],
       [0.        ],
       [0.        ],
       [0.        ],
       [0.        ],
       [0.        ],
       [0.        ],
       [0.        ],
       [0.        ],
       [0.        ],
       [0.        ],
       [0.        ],
       [0.        ],
       [0.        ],
       [0.        ],
       [0.        ],
       [0.015625  ],
       [0.73046875],
       [0.984375  ],
       [0.96484375],
       [0.73046875],
       [0.25390625],
       [0.21875   ],
       [0.703125  ],
       [0.984375  ],
       [0.953125  ],
       [0.        ],
       [0.        ],
       [0.        ],
       [0.        ],
       [0.        ],
       [0.        ],
       [0.        ],
       [0.        ],
       [0.        ],
       [0.        ],
       [0.        ],
       [0.        ],
       [0.        ],
       [0.        ],
       [0.        ],
       [0.        ],
       [0.        ],
       [0.        ],
       [0.26953125],
       [0.984375  ],
       [0.984375  ],
       [0.73828125],
       [0.        ],
       [0.        ],
       [0.        ],
       [0.02734375],
       [0.765625  ],
       [0.984375  ],
       [0.10546875],
       [0.        ],
       [0.        ],
       [0.        ],
       [0.        ],
       [0.        ],
       [0.        ],
       [0.        ],
       [0.        ],
       [0.        ],
       [0.        ],
       [0.        ],
       [0.        ],
       [0.        ],
       [0.        ],
       [0.        ],
       [0.        ],
       [0.        ],
       [0.921875  ],
       [0.984375  ],
       [0.984375  ],
       [0.73828125],
       [0.        ],
       [0.        ],
       [0.        ],
       [0.        ],
       [0.31640625],
       [0.984375  ],
       [0.5859375 ],
       [0.        ],
       [0.        ],
       [0.        ],
       [0.        ],
       [0.        ],
       [0.        ],
       [0.        ],
       [0.        ],
       [0.        ],
       [0.        ],
       [0.        ],
       [0.        ],
       [0.        ],
       [0.        ],
       [0.        ],
       [0.        ],
       [0.65625   ],
       [0.9921875 ],
       [0.98828125],
       [0.98828125],
       [0.671875  ],
       [0.        ],
       [0.        ],
       [0.        ],
       [0.        ],
       [0.25      ],
       [0.98828125],
       [0.828125  ],
       [0.        ],
       [0.        ],
       [0.        ],
       [0.        ],
       [0.        ],
       [0.        ],
       [0.        ],
       [0.        ],
       [0.        ],
       [0.        ],
       [0.        ],
       [0.        ],
       [0.        ],
       [0.        ],
       [0.        ],
       [0.1875    ],
       [0.9453125 ],
       [0.98828125],
       [0.984375  ],
       [0.61328125],
       [0.08203125],
       [0.        ],
       [0.        ],
       [0.        ],
       [0.        ],
       [0.25      ],
       [0.984375  ],
       [0.87890625],
       [0.08203125],
       [0.        ],
       [0.        ],
       [0.        ],
       [0.        ],
       [0.        ],
       [0.        ],
       [0.        ],
       [0.        ],
       [0.        ],
       [0.        ],
       [0.        ],
       [0.        ],
       [0.        ],
       [0.        ],
       [0.25      ],
       [0.984375  ],
       [0.98828125],
       [0.6484375 ],
       [0.21484375],
       [0.        ],
       [0.        ],
       [0.        ],
       [0.        ],
       [0.        ],
       [0.25      ],
       [0.984375  ],
       [0.98828125],
       [0.24609375],
       [0.        ],
       [0.        ],
       [0.        ],
       [0.        ],
       [0.        ],
       [0.        ],
       [0.        ],
       [0.        ],
       [0.        ],
       [0.        ],
       [0.        ],
       [0.        ],
       [0.        ],
       [0.        ],
       [0.25      ],
       [0.984375  ],
       [0.98828125],
       [0.24609375],
       [0.        ],
       [0.        ],
       [0.        ],
       [0.        ],
       [0.        ],
       [0.        ],
       [0.25      ],
       [0.984375  ],
       [0.87890625],
       [0.08203125],
       [0.        ],
       [0.        ],
       [0.        ],
       [0.        ],
       [0.        ],
       [0.        ],
       [0.        ],
       [0.        ],
       [0.        ],
       [0.        ],
       [0.        ],
       [0.        ],
       [0.        ],
       [0.        ],
       [0.25      ],
       [0.984375  ],
       [0.98828125],
       [0.24609375],
       [0.        ],
       [0.        ],
       [0.        ],
       [0.        ],
       [0.        ],
       [0.        ],
       [0.25      ],
       [0.984375  ],
       [0.82421875],
       [0.        ],
       [0.        ],
       [0.        ],
       [0.        ],
       [0.        ],
       [0.        ],
       [0.        ],
       [0.        ],
       [0.        ],
       [0.        ],
       [0.        ],
       [0.        ],
       [0.        ],
       [0.        ],
       [0.        ],
       [0.25      ],
       [0.98828125],
       [0.99609375],
       [0.24609375],
       [0.        ],
       [0.        ],
       [0.        ],
       [0.        ],
       [0.        ],
       [0.        ],
       [0.25      ],
       [0.98828125],
       [0.41796875],
       [0.        ],
       [0.        ],
       [0.        ],
       [0.        ],
       [0.        ],
       [0.        ],
       [0.        ],
       [0.        ],
       [0.        ],
       [0.        ],
       [0.        ],
       [0.        ],
       [0.        ],
       [0.        ],
       [0.        ],
       [0.25      ],
       [0.984375  ],
       [0.93359375],
       [0.1640625 ],
       [0.        ],
       [0.        ],
       [0.        ],
       [0.        ],
       [0.        ],
       [0.        ],
       [0.55859375],
       [0.984375  ],
       [0.27734375],
       [0.        ],
       [0.        ],
       [0.        ],
       [0.        ],
       [0.        ],
       [0.        ],
       [0.        ],
       [0.        ],
       [0.        ],
       [0.        ],
       [0.        ],
       [0.        ],
       [0.        ],
       [0.        ],
       [0.        ],
       [0.625     ],
       [0.984375  ],
       [0.82421875],
       [0.        ],
       [0.        ],
       [0.        ],
       [0.        ],
       [0.        ],
       [0.        ],
       [0.11328125],
       [0.9609375 ],
       [0.984375  ],
       [0.        ],
       [0.        ],
       [0.        ],
       [0.        ],
       [0.        ],
       [0.        ],
       [0.        ],
       [0.        ],
       [0.        ],
       [0.        ],
       [0.        ],
       [0.        ],
       [0.        ],
       [0.        ],
       [0.        ],
       [0.        ],
       [0.66015625],
       [0.984375  ],
       [0.82421875],
       [0.        ],
       [0.        ],
       [0.        ],
       [0.        ],
       [0.        ],
       [0.        ],
       [0.49609375],
       [0.984375  ],
       [0.984375  ],
       [0.        ],
       [0.        ],
       [0.        ],
       [0.        ],
       [0.        ],
       [0.        ],
       [0.        ],
       [0.        ],
       [0.        ],
       [0.        ],
       [0.        ],
       [0.        ],
       [0.        ],
       [0.        ],
       [0.        ],
       [0.        ],
       [0.66015625],
       [0.984375  ],
       [0.82421875],
       [0.        ],
       [0.        ],
       [0.        ],
       [0.        ],
       [0.        ],
       [0.140625  ],
       [0.87109375],
       [0.984375  ],
       [0.47265625],
       [0.        ],
       [0.        ],
       [0.        ],
       [0.        ],
       [0.        ],
       [0.        ],
       [0.        ],
       [0.        ],
       [0.        ],
       [0.        ],
       [0.        ],
       [0.        ],
       [0.        ],
       [0.        ],
       [0.        ],
       [0.        ],
       [0.59375   ],
       [0.98828125],
       [0.99609375],
       [0.24609375],
       [0.        ],
       [0.        ],
       [0.        ],
       [0.16796875],
       [0.88671875],
       [0.98828125],
       [0.84375   ],
       [0.0703125 ],
       [0.        ],
       [0.        ],
       [0.        ],
       [0.        ],
       [0.        ],
       [0.        ],
       [0.        ],
       [0.        ],
       [0.        ],
       [0.        ],
       [0.        ],
       [0.        ],
       [0.        ],
       [0.        ],
       [0.        ],
       [0.        ],
       [0.25      ],
       [0.984375  ],
       [0.98828125],
       [0.24609375],
       [0.        ],
       [0.        ],
       [0.27734375],
       [0.88671875],
       [0.984375  ],
       [0.95703125],
       [0.3203125 ],
       [0.        ],
       [0.        ],
       [0.        ],
       [0.        ],
       [0.        ],
       [0.        ],
       [0.        ],
       [0.        ],
       [0.        ],
       [0.        ],
       [0.        ],
       [0.        ],
       [0.        ],
       [0.        ],
       [0.        ],
       [0.        ],
       [0.        ],
       [0.23046875],
       [0.97265625],
       [0.98828125],
       [0.92578125],
       [0.52734375],
       [0.76953125],
       [0.97265625],
       [0.98828125],
       [0.95703125],
       [0.484375  ],
       [0.        ],
       [0.        ],
       [0.        ],
       [0.        ],
       [0.        ],
       [0.        ],
       [0.        ],
       [0.        ],
       [0.        ],
       [0.        ],
       [0.        ],
       [0.        ],
       [0.        ],
       [0.        ],
       [0.        ],
       [0.        ],
       [0.        ],
       [0.        ],
       [0.        ],
       [0.44921875],
       [0.98828125],
       [0.984375  ],
       [0.984375  ],
       [0.984375  ],
       [0.984375  ],
       [0.77734375],
       [0.21875   ],
       [0.        ],
       [0.        ],
       [0.        ],
       [0.        ],
       [0.        ],
       [0.        ],
       [0.        ],
       [0.        ],
       [0.        ],
       [0.        ],
       [0.        ],
       [0.        ],
       [0.        ],
       [0.        ],
       [0.        ],
       [0.        ],
       [0.        ],
       [0.        ],
       [0.        ],
       [0.        ],
       [0.        ],
       [0.234375  ],
       [0.8828125 ],
       [0.984375  ],
       [0.7109375 ],
       [0.40234375],
       [0.0703125 ],
       [0.        ],
       [0.        ],
       [0.        ],
       [0.        ],
       [0.        ],
       [0.        ],
       [0.        ],
       [0.        ],
       [0.        ],
       [0.        ],
       [0.        ],
       [0.        ],
       [0.        ],
       [0.        ],
       [0.        ],
       [0.        ],
       [0.        ],
       [0.        ],
       [0.        ],
       [0.        ],
       [0.        ],
       [0.        ],
       [0.        ],
       [0.        ],
       [0.        ],
       [0.        ],
       [0.        ],
       [0.        ],
       [0.        ],
       [0.        ],
       [0.        ],
       [0.        ],
       [0.        ],
       [0.        ],
       [0.        ],
       [0.        ],
       [0.        ],
       [0.        ],
       [0.        ],
       [0.        ],
       [0.        ],
       [0.        ],
       [0.        ],
       [0.        ],
       [0.        ],
       [0.        ],
       [0.        ],
       [0.        ],
       [0.        ],
       [0.        ],
       [0.        ],
       [0.        ],
       [0.        ],
       [0.        ],
       [0.        ],
       [0.        ],
       [0.        ],
       [0.        ],
       [0.        ],
       [0.        ],
       [0.        ],
       [0.        ],
       [0.        ],
       [0.        ],
       [0.        ],
       [0.        ],
       [0.        ],
       [0.        ],
       [0.        ],
       [0.        ],
       [0.        ],
       [0.        ],
       [0.        ],
       [0.        ],
       [0.        ],
       [0.        ],
       [0.        ],
       [0.        ],
       [0.        ],
       [0.        ],
       [0.        ],
       [0.        ],
       [0.        ],
       [0.        ],
       [0.        ],
       [0.        ],
       [0.        ],
       [0.        ],
       [0.        ],
       [0.        ],
       [0.        ],
       [0.        ],
       [0.        ],
       [0.        ],
       [0.        ],
       [0.        ],
       [0.        ],
       [0.        ],
       [0.        ],
       [0.        ],
       [0.        ],
       [0.        ],
       [0.        ],
       [0.        ],
       [0.        ],
       [0.        ],
       [0.        ],
       [0.        ],
       [0.        ],
       [0.        ],
       [0.        ],
       [0.        ],
       [0.        ],
       [0.        ],
       [0.        ],
       [0.        ],
       [0.        ],
       [0.        ],
       [0.        ],
       [0.        ],
       [0.        ],
       [0.        ],
       [0.        ],
       [0.        ]], dtype=float32), array([[0.00000000e+00],
       [0.00000000e+00],
       [0.00000000e+00],
       [0.00000000e+00],
       [0.00000000e+00],
       [0.00000000e+00],
       [0.00000000e+00],
       [0.00000000e+00],
       [0.00000000e+00],
       [0.00000000e+00],
       [4.65938500e-02],
       [0.00000000e+00],
       [0.00000000e+00],
       [2.52792695e+00],
       [7.01711311e-01],
       [0.00000000e+00],
       [0.00000000e+00],
       [0.00000000e+00],
       [0.00000000e+00],
       [0.00000000e+00],
       [9.71445348e-02],
       [2.43922906e-02],
       [7.67017317e-01],
       [0.00000000e+00],
       [0.00000000e+00],
       [0.00000000e+00],
       [0.00000000e+00],
       [3.25529936e+00],
       [0.00000000e+00],
       [0.00000000e+00],
       [0.00000000e+00],
       [1.26394477e-03],
       [0.00000000e+00],
       [0.00000000e+00],
       [0.00000000e+00],
       [0.00000000e+00],
       [0.00000000e+00],
       [0.00000000e+00],
       [2.37097752e-02],
       [0.00000000e+00],
       [0.00000000e+00],
       [0.00000000e+00],
       [0.00000000e+00],
       [0.00000000e+00],
       [4.41852755e-01],
       [0.00000000e+00],
       [0.00000000e+00],
       [0.00000000e+00],
       [0.00000000e+00],
       [0.00000000e+00]]), array([[0.2989393 ],
       [0.01538267],
       [0.09872239],
       [0.09136557],
       [0.07438969],
       [0.11472299],
       [0.13146481],
       [0.0403812 ],
       [0.0786308 ],
       [0.05600057]])]