net.weights:[array([0.]), array([[ 3.09625185e-14, -7.42801644e-14,  8.40012931e-14, ...,
         4.39272445e-15, -4.14656356e-14,  9.75930484e-14],
       [ 8.86199097e-14,  3.52458810e-15,  3.98098056e-15, ...,
        -4.32018269e-14,  2.60097561e-14,  8.28226700e-14],
       [-4.97316478e-15,  6.33061908e-14,  4.82091648e-14, ...,
         3.50701998e-14,  8.11258638e-14, -9.40583686e-14],
       ...,
       [ 9.50169345e-14, -1.85630914e-14, -6.50872448e-14, ...,
         1.92390075e-14, -1.42803733e-13, -1.69920450e-13],
       [-7.73224861e-15,  1.66062714e-13,  3.29306453e-14, ...,
         9.93845982e-14,  4.69231296e-14,  3.32870051e-14],
       [ 2.17312826e-14, -2.69542727e-14,  5.44320801e-14, ...,
        -7.53264311e-16, -7.14457135e-14, -6.58743414e-14]]), array([[ 1.60677602e-13,  4.37640528e-14,  1.35196440e-01,
         2.05090912e-01, -7.63430936e-14, -7.29726406e-14,
        -5.59606758e-02, -3.64844381e-01,  5.82224344e-01,
        -3.04989122e-14, -1.43326947e-01,  8.83840479e-14,
         4.88908347e-15, -1.33703249e-13,  6.40883689e-14,
        -4.35522756e-15, -1.97821627e-01, -3.94142584e-02,
        -2.77318540e-02,  3.88419909e-01, -2.61046803e-14,
         1.00200237e-13,  2.97182533e-14,  1.63201648e-14,
        -1.29823616e-01,  7.43377113e-14, -1.47332610e-14,
        -2.81162703e-01, -4.06612557e-14, -6.88991182e-14,
        -8.19277003e-02, -2.45848904e-14, -2.15963399e-14,
        -9.71246187e-02, -6.65752221e-14,  1.52955874e-15,
         1.19467550e-13, -6.77896213e-02, -1.00760411e-01,
         3.25964857e-14,  3.17196102e-01, -1.29783629e-01,
        -5.30571123e-14, -6.05200651e-02, -4.02112942e-02,
         3.79350626e-02, -8.86493614e-02,  3.72874016e-14,
        -1.62501593e-01, -1.26025130e-01],
       [ 6.95195314e-14, -2.31679552e-14, -1.34420853e-01,
        -2.27478695e-01,  8.00987263e-14, -8.92736746e-14,
        -2.28941694e-03,  1.94871170e-01, -3.02842477e-01,
         1.45885767e-14, -2.41070926e-01, -2.03805196e-13,
        -5.96292287e-14,  1.22683337e-13,  1.20583862e-13,
         1.60208833e-14,  4.46269259e-01, -2.58450722e-02,
        -6.13174863e-02, -2.20716342e-01,  9.23860586e-14,
         4.39025288e-15, -1.70006599e-13, -6.84532758e-14,
        -7.75494285e-02, -1.04492963e-13, -2.21712397e-14,
         2.00893384e-01,  1.18895294e-14, -1.12922413e-13,
         7.48874530e-02, -8.19163403e-15,  6.12681317e-15,
         1.33308237e-01,  2.04227367e-14, -4.47427281e-14,
         3.07159934e-14, -1.24141838e-01, -2.41083331e-01,
        -1.13599243e-13, -1.69329314e-01, -1.37713177e-01,
         4.88388976e-14,  5.84235510e-01,  2.04234382e-01,
        -1.35467722e-01, -5.83540593e-02,  1.16310768e-13,
         2.47320940e-01, -1.53609624e-01],
       [ 9.03545397e-14,  6.50888813e-14, -8.27975724e-02,
         2.32327734e-01, -7.63914667e-14,  4.95239968e-14,
        -3.74781546e-02, -3.38107066e-01,  9.15112643e-02,
        -6.48265863e-15,  1.49079577e-02,  7.52822137e-14,
         1.06611258e-13, -5.40810672e-15, -1.25849882e-13,
        -2.24428040e-13, -4.71478487e-02, -1.20908160e-02,
         3.25097630e-02,  1.02276958e-01,  1.70388065e-14,
        -1.80699691e-14,  3.24304158e-14,  8.09782013e-14,
        -1.95491897e-01,  1.12444111e-13,  2.46412215e-14,
         7.49955397e-01, -1.75785811e-13,  1.31304257e-13,
        -5.82892554e-02,  9.62188704e-14,  9.57346557e-14,
        -6.74501940e-02, -4.88068653e-14,  1.04594845e-15,
         4.61154405e-15,  8.47728100e-02, -2.25383759e-01,
        -3.29959248e-14, -1.22869920e-01,  3.92255247e-03,
         1.56575023e-14, -1.82741241e-01, -7.75090167e-02,
        -1.52926033e-01, -6.80967039e-03,  7.48678230e-14,
         2.34164620e-01, -5.74011200e-02],
       [-9.13407586e-14,  1.06447049e-13,  1.06649580e-01,
        -1.50509515e-01,  2.29688179e-14,  9.22524995e-14,
         3.90348163e-03,  6.62935393e-01,  1.71314351e-01,
        -4.91366802e-14, -2.32355653e-01,  1.64597457e-14,
         4.57390304e-14,  7.01001546e-15,  1.12714537e-14,
        -3.49636888e-14, -2.57741627e-01, -1.84387497e-02,
        -4.84240811e-02, -8.51725269e-02,  1.24618899e-13,
         1.56930702e-13,  3.96686481e-14, -1.61894363e-14,
        -1.73940058e-01,  8.74917743e-15,  6.67326025e-14,
         3.82945673e-01, -1.00289119e-13, -5.73033615e-14,
        -3.99268790e-03, -8.62514009e-15,  3.67566596e-14,
        -5.52529088e-02, -1.13461299e-13, -2.71519709e-15,
        -9.90380922e-14, -6.26854667e-02, -1.06177890e-01,
        -5.35150274e-15,  1.89973729e-01, -1.18270171e-01,
        -3.24179192e-15, -2.10610258e-01, -9.89698028e-02,
        -2.18224333e-01, -5.30393054e-02,  7.66522201e-14,
        -1.22016705e-01,  2.54571412e-02],
       [ 2.96170737e-15,  1.68339207e-14, -1.57776427e-01,
        -2.00025514e-01, -3.95129279e-14,  2.27076718e-16,
        -1.05346801e-01, -9.15279901e-02, -2.59798472e-01,
        -2.34826247e-14,  3.95895822e-01,  2.88488305e-14,
        -3.38215693e-14, -5.10910159e-14,  1.11913228e-14,
         4.08943025e-14, -9.45243379e-02, -1.30428207e-01,
         1.38074682e-01, -1.79267854e-01, -9.14576948e-15,
        -1.79924347e-13, -2.21452068e-15,  1.35261820e-13,
         1.48125588e-02, -7.09165530e-14,  1.03247141e-13,
        -2.48731921e-01,  4.29722133e-14, -1.21589982e-13,
        -1.29483536e-01, -5.06967104e-14, -4.92722981e-14,
        -1.13482637e-01,  1.71998801e-14,  4.02693435e-14,
        -1.17663079e-14,  2.84653795e-01,  2.96747115e-01,
        -7.62921850e-14, -2.02349381e-01,  5.30487345e-01,
         1.47762974e-13, -3.99948137e-03, -2.83144660e-02,
         6.02209015e-02, -2.29909887e-01,  6.79261492e-14,
        -1.62163021e-01,  2.40881829e-01],
       [-3.83204187e-15,  1.16206643e-13, -1.03310382e-01,
        -1.85069035e-01,  8.44366610e-14,  9.72365776e-14,
        -6.96794932e-02,  2.98916866e-01,  1.37908124e-01,
        -8.24645090e-14, -1.14702397e-01,  7.41747910e-14,
        -5.77483623e-14, -4.91182234e-14,  1.27546898e-14,
         3.98715159e-14, -1.46086490e-01, -4.15283261e-02,
        -3.70517291e-02,  1.57780734e-01,  7.25133393e-14,
        -5.53755819e-14,  5.99506352e-14,  7.47705810e-14,
         4.83287031e-01,  6.56739347e-14, -5.29336162e-15,
        -3.02379902e-01,  1.90108784e-14,  4.45530290e-14,
        -1.11490004e-01,  1.34575383e-15, -1.43587431e-14,
        -1.90371403e-01,  1.11541696e-13,  1.76695303e-13,
         3.84738040e-14,  9.87542260e-03,  1.01445964e-01,
        -3.47409413e-14,  2.11989759e-01, -8.71105341e-02,
        -4.77674340e-14,  8.88649903e-02,  7.76094376e-02,
         4.07693489e-01, -7.30960898e-02, -1.00255209e-13,
        -5.86889029e-02, -2.37356288e-01],
       [ 7.41747376e-15,  3.83840126e-14, -1.21144895e-01,
         1.87342046e-01,  5.08386015e-14,  9.15276953e-14,
        -9.46109577e-02, -1.34489677e-01, -5.68688119e-02,
         2.38578344e-14,  5.14095927e-01, -9.80968143e-14,
        -6.67794005e-14,  1.02758373e-13,  1.07284670e-13,
         3.03123867e-14,  3.87535355e-02, -7.16798067e-02,
         1.70883320e-01,  1.11603481e-01, -8.24161986e-14,
        -3.98184730e-14,  8.54186530e-14,  1.11010465e-13,
         9.50483112e-02, -5.74762720e-15, -6.74207150e-14,
        -3.20119086e-01, -1.90383217e-14,  1.31713720e-14,
        -1.09727266e-01,  1.39715258e-13, -2.61841254e-14,
         8.48368040e-02, -1.31859190e-13, -1.49137774e-14,
         2.06967114e-15,  4.45269186e-01, -3.49087113e-01,
        -6.04749747e-14, -1.37848916e-01, -1.85693745e-01,
         2.85895380e-14, -5.61684483e-02, -5.39621839e-02,
        -4.87280923e-02, -1.19610309e-01,  6.43029775e-15,
         4.20529881e-01, -1.86039491e-01],
       [-6.67488580e-15,  4.49645399e-14,  2.25991087e-01,
        -1.98812452e-01, -7.92372274e-14,  1.25653214e-13,
         1.31640410e-01, -3.14811423e-01, -1.51821341e-01,
         1.83908725e-14, -3.05222337e-01,  3.01735868e-14,
         5.36395676e-14, -1.89378754e-14, -1.20874392e-13,
        -1.11516046e-14, -3.74014395e-02,  2.68197991e-01,
        -6.51713471e-02, -1.63374590e-01, -7.46727613e-14,
         2.96949079e-14, -1.94215210e-14, -1.12082328e-13,
        -1.87171630e-01, -6.05943710e-14, -2.32429650e-14,
         3.34002984e-02, -6.18829051e-14, -7.22349448e-15,
         1.27869581e-01, -1.13585100e-13,  1.22366308e-14,
        -1.12774752e-01,  6.00305889e-14,  5.06052968e-14,
        -1.62947856e-14, -9.11654404e-02,  4.71950476e-02,
         5.47697449e-14,  3.34497453e-01,  1.29799318e-01,
         5.08145208e-15,  2.03850304e-03,  1.67867619e-01,
        -1.47574716e-01,  6.11551818e-01, -5.85723147e-15,
        -5.06279761e-02,  3.49446481e-01],
       [ 5.11542824e-14,  1.17392997e-14,  2.36597053e-02,
         1.76306030e-01, -1.06767856e-14,  1.14287884e-13,
        -4.63688513e-02,  2.15751833e-02, -1.85998078e-02,
        -1.16784937e-13, -1.60750271e-02,  5.97845238e-15,
        -5.58782747e-14,  3.30805158e-14,  1.99408524e-13,
        -2.71974041e-14,  4.71355907e-01, -7.47150022e-02,
        -1.11853333e-01,  4.24991461e-02,  5.64856801e-14,
        -3.49395489e-14,  1.05777208e-14, -3.01201397e-14,
         1.81279099e-01, -9.65405116e-14, -2.18755768e-14,
         1.12636749e-01, -5.51713982e-14, -6.60993516e-14,
        -3.21025855e-02,  5.14889503e-14,  8.44255883e-15,
         1.14169007e-01,  3.05424573e-14, -1.29891349e-14,
        -6.90243127e-14, -1.87872012e-01,  3.77062599e-01,
         2.48907762e-14, -2.08326784e-01, -2.76849913e-01,
        -5.30189619e-15, -1.40382540e-01, -7.75870809e-02,
         2.84954664e-01, -1.42645903e-01,  1.88373987e-14,
        -1.54815930e-01, -6.84204990e-02],
       [-4.20313572e-14, -1.26210515e-13,  1.07953318e-01,
         1.60828490e-01, -4.43096961e-14,  8.74474235e-14,
         2.76190459e-01,  6.54819249e-02, -1.93027173e-01,
         9.52545538e-14,  1.27853580e-01,  4.43302364e-14,
         5.13811342e-15, -3.84056609e-14, -4.93136449e-14,
         2.23857218e-14, -1.75655332e-01,  1.45942247e-01,
         1.00820658e-02, -1.54048915e-01, -1.13744213e-13,
         2.42642802e-14,  6.09941975e-14,  4.21224568e-14,
        -1.04503694e-02,  7.92330855e-15, -5.09995647e-14,
        -3.27437890e-01, -2.76330329e-14,  3.96766713e-14,
         3.24256002e-01,  4.06618115e-15,  8.06964970e-14,
         3.04142465e-01, -3.29555181e-14, -3.00565696e-14,
        -5.98366640e-14, -2.90916835e-01,  2.00041778e-01,
        -8.30486978e-15, -2.12932727e-01,  2.71211954e-01,
        -2.90312672e-14, -2.07169704e-02, -7.31575937e-02,
        -8.78832197e-02,  1.60562768e-01,  1.40239328e-14,
        -1.91201313e-01,  2.13066701e-01]])],net.biases:[array([0.]), array([[-5.41191050e-10],
       [-5.64711323e-10],
       [-4.39162308e-03],
       [-5.98607970e-02],
       [-6.09329125e-10],
       [-3.20119276e-10],
       [ 1.62526963e-02],
       [ 6.44930209e-02],
       [ 8.83133725e-03],
       [-8.16505364e-10],
       [ 2.20269052e-02],
       [-5.35619830e-11],
       [-7.01051394e-10],
       [-5.43466599e-10],
       [-9.46118255e-10],
       [-6.31823957e-10],
       [ 6.14070284e-03],
       [ 2.66756664e-02],
       [ 2.41669114e-02],
       [ 9.48557522e-03],
       [-4.40001704e-10],
       [-3.49752731e-10],
       [-8.14868620e-10],
       [-2.31804511e-10],
       [ 3.84693659e-02],
       [-4.96140716e-10],
       [-1.04763103e-10],
       [-6.43123193e-03],
       [-6.14883886e-10],
       [-6.23142655e-10],
       [ 2.54683019e-02],
       [-4.67799860e-10],
       [-2.47683958e-10],
       [-6.92081602e-03],
       [-1.12905203e-09],
       [-6.25640611e-10],
       [-7.75649986e-10],
       [ 5.63189380e-02],
       [-1.37319336e-02],
       [-6.29837121e-10],
       [ 7.87530366e-02],
       [ 8.37364714e-02],
       [-5.48951892e-10],
       [ 1.08918940e-01],
       [ 6.85344055e-02],
       [ 1.23684000e-02],
       [ 5.93350774e-02],
       [-3.11216618e-10],
       [ 7.48759596e-02],
       [ 3.78996032e-02]]), array([[-0.04007321],
       [ 0.09346588],
       [-0.02945864],
       [-0.03406052],
       [ 0.02903019],
       [ 0.09331503],
       [ 0.00335957],
       [ 0.05778907],
       [-0.14971544],
       [-0.02365192]])],net.linear:[array([0.]), array([[-5.41113418e-10],
       [-5.65958305e-10],
       [ 1.19699829e+00],
       [ 2.53590241e+00],
       [-6.10237366e-10],
       [-3.18176947e-10],
       [ 7.37084817e-01],
       [ 9.52339590e-01],
       [ 2.85947437e+00],
       [-8.16395683e-10],
       [ 3.64099710e+00],
       [-5.37710585e-11],
       [-7.03326169e-10],
       [-5.43686581e-10],
       [-9.47368798e-10],
       [-6.31294930e-10],
       [ 7.09629648e-01],
       [ 5.94580382e-01],
       [ 1.09370857e+00],
       [ 2.52055870e+00],
       [-4.39617980e-10],
       [-3.52148981e-10],
       [-8.15037510e-10],
       [-2.31690431e-10],
       [ 1.28775152e+00],
       [-4.95136555e-10],
       [-1.05936612e-10],
       [-4.05945213e-01],
       [-6.15516915e-10],
       [-6.23849302e-10],
       [ 8.61475938e-01],
       [-4.67594686e-10],
       [-2.47823887e-10],
       [ 1.28165083e+00],
       [-1.12792417e-09],
       [-6.25292922e-10],
       [-7.74738700e-10],
       [ 2.12966881e+00],
       [ 2.07621021e+00],
       [-6.31051960e-10],
       [ 1.72267460e+00],
       [ 1.99834967e+00],
       [-5.49364403e-10],
       [-1.52112145e-01],
       [ 3.01761721e-01],
       [ 1.46792408e+00],
       [ 9.75670858e-01],
       [-3.11766450e-10],
       [ 1.35673497e+00],
       [ 1.67032233e+00]]), array([[ 1.27714002],
       [-3.83676646],
       [-0.22607165],
       [-1.5501598 ],
       [ 1.17284259],
       [ 0.72742189],
       [ 2.10911922],
       [-0.86154318],
       [ 0.20091702],
       [ 0.98710037]])],net.nuerons:[array([[0.        ],
       [0.        ],
       [0.        ],
       [0.        ],
       [0.        ],
       [0.        ],
       [0.        ],
       [0.        ],
       [0.        ],
       [0.        ],
       [0.        ],
       [0.        ],
       [0.        ],
       [0.        ],
       [0.        ],
       [0.        ],
       [0.        ],
       [0.        ],
       [0.        ],
       [0.        ],
       [0.        ],
       [0.        ],
       [0.        ],
       [0.        ],
       [0.        ],
       [0.        ],
       [0.        ],
       [0.        ],
       [0.        ],
       [0.        ],
       [0.        ],
       [0.        ],
       [0.        ],
       [0.        ],
       [0.        ],
       [0.        ],
       [0.        ],
       [0.        ],
       [0.        ],
       [0.        ],
       [0.        ],
       [0.        ],
       [0.        ],
       [0.        ],
       [0.        ],
       [0.        ],
       [0.        ],
       [0.        ],
       [0.        ],
       [0.        ],
       [0.        ],
       [0.        ],
       [0.        ],
       [0.        ],
       [0.        ],
       [0.        ],
       [0.        ],
       [0.        ],
       [0.        ],
       [0.        ],
       [0.        ],
       [0.        ],
       [0.        ],
       [0.        ],
       [0.        ],
       [0.        ],
       [0.        ],
       [0.        ],
       [0.        ],
       [0.        ],
       [0.        ],
       [0.        ],
       [0.        ],
       [0.        ],
       [0.        ],
       [0.        ],
       [0.        ],
       [0.        ],
       [0.        ],
       [0.        ],
       [0.        ],
       [0.        ],
       [0.        ],
       [0.        ],
       [0.        ],
       [0.        ],
       [0.        ],
       [0.        ],
       [0.        ],
       [0.        ],
       [0.        ],
       [0.        ],
       [0.        ],
       [0.        ],
       [0.        ],
       [0.        ],
       [0.        ],
       [0.        ],
       [0.        ],
       [0.        ],
       [0.        ],
       [0.        ],
       [0.        ],
       [0.        ],
       [0.        ],
       [0.        ],
       [0.        ],
       [0.        ],
       [0.        ],
       [0.        ],
       [0.        ],
       [0.        ],
       [0.        ],
       [0.        ],
       [0.        ],
       [0.        ],
       [0.        ],
       [0.        ],
       [0.        ],
       [0.        ],
       [0.        ],
       [0.        ],
       [0.        ],
       [0.        ],
       [0.        ],
       [0.        ],
       [0.        ],
       [0.        ],
       [0.        ],
       [0.        ],
       [0.        ],
       [0.        ],
       [0.        ],
       [0.        ],
       [0.        ],
       [0.        ],
       [0.        ],
       [0.        ],
       [0.        ],
       [0.        ],
       [0.        ],
       [0.        ],
       [0.        ],
       [0.        ],
       [0.        ],
       [0.        ],
       [0.        ],
       [0.        ],
       [0.        ],
       [0.        ],
       [0.        ],
       [0.        ],
       [0.        ],
       [0.        ],
       [0.        ],
       [0.        ],
       [0.        ],
       [0.        ],
       [0.        ],
       [0.        ],
       [0.        ],
       [0.        ],
       [0.        ],
       [0.        ],
       [0.        ],
       [0.        ],
       [0.        ],
       [0.        ],
       [0.        ],
       [0.        ],
       [0.        ],
       [0.        ],
       [0.        ],
       [0.        ],
       [0.        ],
       [0.        ],
       [0.        ],
       [0.        ],
       [0.        ],
       [0.        ],
       [0.        ],
       [0.        ],
       [0.        ],
       [0.        ],
       [0.        ],
       [0.        ],
       [0.        ],
       [0.        ],
       [0.        ],
       [0.        ],
       [0.        ],
       [0.        ],
       [0.        ],
       [0.        ],
       [0.        ],
       [0.        ],
       [0.        ],
       [0.        ],
       [0.        ],
       [0.        ],
       [0.        ],
       [0.        ],
       [0.        ],
       [0.        ],
       [0.        ],
       [0.        ],
       [0.41796875],
       [0.8671875 ],
       [0.5390625 ],
       [0.4453125 ],
       [0.53515625],
       [0.53125   ],
       [0.23046875],
       [0.0078125 ],
       [0.        ],
       [0.        ],
       [0.        ],
       [0.        ],
       [0.        ],
       [0.        ],
       [0.        ],
       [0.        ],
       [0.        ],
       [0.        ],
       [0.        ],
       [0.        ],
       [0.        ],
       [0.        ],
       [0.        ],
       [0.        ],
       [0.        ],
       [0.        ],
       [0.03125   ],
       [0.30859375],
       [0.94921875],
       [0.98828125],
       [0.98828125],
       [0.98828125],
       [0.98828125],
       [0.98828125],
       [0.98828125],
       [0.625     ],
       [0.10546875],
       [0.        ],
       [0.        ],
       [0.        ],
       [0.        ],
       [0.        ],
       [0.        ],
       [0.        ],
       [0.        ],
       [0.        ],
       [0.        ],
       [0.        ],
       [0.        ],
       [0.        ],
       [0.        ],
       [0.        ],
       [0.        ],
       [0.0078125 ],
       [0.61328125],
       [0.98828125],
       [0.98828125],
       [0.98828125],
       [0.98828125],
       [0.98828125],
       [0.98828125],
       [0.98828125],
       [0.98828125],
       [0.98828125],
       [0.89453125],
       [0.73828125],
       [0.23828125],
       [0.        ],
       [0.        ],
       [0.        ],
       [0.        ],
       [0.        ],
       [0.        ],
       [0.        ],
       [0.        ],
       [0.        ],
       [0.        ],
       [0.        ],
       [0.        ],
       [0.        ],
       [0.        ],
       [0.421875  ],
       [0.98828125],
       [0.98828125],
       [0.98828125],
       [0.98828125],
       [0.98828125],
       [0.98828125],
       [0.98828125],
       [0.98828125],
       [0.98828125],
       [0.98828125],
       [0.98828125],
       [0.98828125],
       [0.51171875],
       [0.        ],
       [0.        ],
       [0.        ],
       [0.        ],
       [0.        ],
       [0.        ],
       [0.        ],
       [0.        ],
       [0.        ],
       [0.        ],
       [0.        ],
       [0.        ],
       [0.        ],
       [0.265625  ],
       [0.94140625],
       [0.98828125],
       [0.98828125],
       [0.91015625],
       [0.98828125],
       [0.98828125],
       [0.9765625 ],
       [0.52734375],
       [0.37890625],
       [0.87109375],
       [0.98828125],
       [0.98828125],
       [0.98828125],
       [0.89453125],
       [0.10546875],
       [0.        ],
       [0.        ],
       [0.        ],
       [0.        ],
       [0.        ],
       [0.        ],
       [0.        ],
       [0.        ],
       [0.        ],
       [0.        ],
       [0.        ],
       [0.05078125],
       [0.8125    ],
       [0.98828125],
       [0.98828125],
       [0.6015625 ],
       [0.34765625],
       [0.98828125],
       [0.98828125],
       [0.6015625 ],
       [0.        ],
       [0.        ],
       [0.47265625],
       [0.98828125],
       [0.98828125],
       [0.98828125],
       [0.90234375],
       [0.109375  ],
       [0.        ],
       [0.        ],
       [0.        ],
       [0.        ],
       [0.        ],
       [0.        ],
       [0.        ],
       [0.        ],
       [0.        ],
       [0.        ],
       [0.        ],
       [0.5625    ],
       [0.98828125],
       [0.98828125],
       [0.84375   ],
       [0.0859375 ],
       [0.10546875],
       [0.98828125],
       [0.98828125],
       [0.94921875],
       [0.91015625],
       [0.91015625],
       [0.984375  ],
       [0.98828125],
       [0.98828125],
       [0.98828125],
       [0.96875   ],
       [0.36328125],
       [0.        ],
       [0.        ],
       [0.        ],
       [0.        ],
       [0.        ],
       [0.        ],
       [0.        ],
       [0.        ],
       [0.        ],
       [0.        ],
       [0.        ],
       [0.9921875 ],
       [0.98828125],
       [0.98828125],
       [0.98828125],
       [0.98828125],
       [0.98828125],
       [0.98828125],
       [0.98828125],
       [0.98828125],
       [0.98828125],
       [0.98828125],
       [0.98828125],
       [0.98828125],
       [0.98828125],
       [0.98828125],
       [0.98828125],
       [0.84375   ],
       [0.40234375],
       [0.21484375],
       [0.03125   ],
       [0.        ],
       [0.        ],
       [0.        ],
       [0.        ],
       [0.        ],
       [0.        ],
       [0.        ],
       [0.        ],
       [0.66015625],
       [0.98828125],
       [0.98828125],
       [0.98828125],
       [0.98828125],
       [0.98828125],
       [0.98828125],
       [0.98828125],
       [0.98828125],
       [0.98828125],
       [0.98828125],
       [0.8046875 ],
       [0.62890625],
       [0.76953125],
       [0.98828125],
       [0.98828125],
       [0.98828125],
       [0.98828125],
       [0.98828125],
       [0.30078125],
       [0.        ],
       [0.        ],
       [0.        ],
       [0.        ],
       [0.        ],
       [0.        ],
       [0.        ],
       [0.        ],
       [0.09765625],
       [0.8515625 ],
       [0.98828125],
       [0.98828125],
       [0.98828125],
       [0.984375  ],
       [0.90625   ],
       [0.93359375],
       [0.95703125],
       [0.39453125],
       [0.0625    ],
       [0.03125   ],
       [0.        ],
       [0.0234375 ],
       [0.2890625 ],
       [0.484375  ],
       [0.8359375 ],
       [0.98828125],
       [0.98828125],
       [0.96484375],
       [0.        ],
       [0.        ],
       [0.        ],
       [0.        ],
       [0.        ],
       [0.        ],
       [0.        ],
       [0.        ],
       [0.        ],
       [0.71875   ],
       [0.98828125],
       [0.98828125],
       [0.98828125],
       [0.390625  ],
       [0.        ],
       [0.1171875 ],
       [0.31640625],
       [0.        ],
       [0.        ],
       [0.        ],
       [0.        ],
       [0.        ],
       [0.        ],
       [0.        ],
       [0.09765625],
       [0.796875  ],
       [0.98828125],
       [0.98828125],
       [0.        ],
       [0.        ],
       [0.        ],
       [0.        ],
       [0.        ],
       [0.        ],
       [0.        ],
       [0.        ],
       [0.        ],
       [0.71875   ],
       [0.98828125],
       [0.92578125],
       [0.4765625 ],
       [0.01953125],
       [0.        ],
       [0.        ],
       [0.        ],
       [0.        ],
       [0.        ],
       [0.        ],
       [0.        ],
       [0.        ],
       [0.04296875],
       [0.3828125 ],
       [0.80859375],
       [0.98828125],
       [0.98828125],
       [0.48828125],
       [0.        ],
       [0.        ],
       [0.        ],
       [0.        ],
       [0.        ],
       [0.        ],
       [0.        ],
       [0.        ],
       [0.        ],
       [0.71875   ],
       [0.98828125],
       [0.984375  ],
       [0.5       ],
       [0.109375  ],
       [0.37109375],
       [0.52734375],
       [0.52734375],
       [0.52734375],
       [0.52734375],
       [0.52734375],
       [0.62890625],
       [0.953125  ],
       [0.95703125],
       [0.98828125],
       [0.9453125 ],
       [0.828125  ],
       [0.46484375],
       [0.0703125 ],
       [0.        ],
       [0.        ],
       [0.        ],
       [0.        ],
       [0.        ],
       [0.        ],
       [0.        ],
       [0.        ],
       [0.        ],
       [0.609375  ],
       [0.98828125],
       [0.98828125],
       [0.98828125],
       [0.98828125],
       [0.98828125],
       [0.98828125],
       [0.98828125],
       [0.98828125],
       [0.98828125],
       [0.98828125],
       [0.9296875 ],
       [0.734375  ],
       [0.69140625],
       [0.31640625],
       [0.1875    ],
       [0.        ],
       [0.        ],
       [0.        ],
       [0.        ],
       [0.        ],
       [0.        ],
       [0.        ],
       [0.        ],
       [0.        ],
       [0.        ],
       [0.        ],
       [0.        ],
       [0.05078125],
       [0.71484375],
       [0.98828125],
       [0.98828125],
       [0.98828125],
       [0.98828125],
       [0.98828125],
       [0.98828125],
       [0.98828125],
       [0.98828125],
       [0.3984375 ],
       [0.12890625],
       [0.        ],
       [0.        ],
       [0.        ],
       [0.        ],
       [0.        ],
       [0.        ],
       [0.        ],
       [0.        ],
       [0.        ],
       [0.        ],
       [0.        ],
       [0.        ],
       [0.        ],
       [0.        ],
       [0.        ],
       [0.        ],
       [0.        ],
       [0.0078125 ],
       [0.2734375 ],
       [0.44140625],
       [0.44140625],
       [0.44140625],
       [0.296875  ],
       [0.01953125],
       [0.01953125],
       [0.01953125],
       [0.00390625],
       [0.        ],
       [0.        ],
       [0.        ],
       [0.        ],
       [0.        ],
       [0.        ],
       [0.        ],
       [0.        ],
       [0.        ],
       [0.        ],
       [0.        ],
       [0.        ],
       [0.        ],
       [0.        ],
       [0.        ],
       [0.        ],
       [0.        ],
       [0.        ],
       [0.        ],
       [0.        ],
       [0.        ],
       [0.        ],
       [0.        ],
       [0.        ],
       [0.        ],
       [0.        ],
       [0.        ],
       [0.        ],
       [0.        ],
       [0.        ],
       [0.        ],
       [0.        ],
       [0.        ],
       [0.        ],
       [0.        ],
       [0.        ],
       [0.        ],
       [0.        ],
       [0.        ],
       [0.        ],
       [0.        ],
       [0.        ],
       [0.        ],
       [0.        ],
       [0.        ],
       [0.        ],
       [0.        ],
       [0.        ],
       [0.        ],
       [0.        ],
       [0.        ],
       [0.        ],
       [0.        ],
       [0.        ],
       [0.        ],
       [0.        ],
       [0.        ],
       [0.        ],
       [0.        ],
       [0.        ],
       [0.        ],
       [0.        ],
       [0.        ],
       [0.        ],
       [0.        ],
       [0.        ],
       [0.        ],
       [0.        ],
       [0.        ],
       [0.        ],
       [0.        ],
       [0.        ],
       [0.        ],
       [0.        ],
       [0.        ],
       [0.        ],
       [0.        ],
       [0.        ],
       [0.        ],
       [0.        ],
       [0.        ],
       [0.        ],
       [0.        ],
       [0.        ],
       [0.        ],
       [0.        ],
       [0.        ],
       [0.        ],
       [0.        ],
       [0.        ],
       [0.        ],
       [0.        ],
       [0.        ],
       [0.        ],
       [0.        ],
       [0.        ],
       [0.        ],
       [0.        ],
       [0.        ],
       [0.        ],
       [0.        ],
       [0.        ],
       [0.        ],
       [0.        ],
       [0.        ],
       [0.        ],
       [0.        ],
       [0.        ],
       [0.        ],
       [0.        ],
       [0.        ],
       [0.        ],
       [0.        ],
       [0.        ],
       [0.        ],
       [0.        ],
       [0.        ],
       [0.        ],
       [0.        ],
       [0.        ],
       [0.        ],
       [0.        ],
       [0.        ],
       [0.        ],
       [0.        ],
       [0.        ],
       [0.        ],
       [0.        ],
       [0.        ],
       [0.        ],
       [0.        ],
       [0.        ],
       [0.        ],
       [0.        ],
       [0.        ],
       [0.        ],
       [0.        ],
       [0.        ],
       [0.        ],
       [0.        ],
       [0.        ],
       [0.        ],
       [0.        ],
       [0.        ],
       [0.        ],
       [0.        ],
       [0.        ],
       [0.        ],
       [0.        ],
       [0.        ],
       [0.        ]], dtype=float32), array([[0.        ],
       [0.        ],
       [1.19699829],
       [2.53590241],
       [0.        ],
       [0.        ],
       [0.73708482],
       [0.95233959],
       [2.85947437],
       [0.        ],
       [3.6409971 ],
       [0.        ],
       [0.        ],
       [0.        ],
       [0.        ],
       [0.        ],
       [0.70962965],
       [0.59458038],
       [1.09370857],
       [2.5205587 ],
       [0.        ],
       [0.        ],
       [0.        ],
       [0.        ],
       [1.28775152],
       [0.        ],
       [0.        ],
       [0.        ],
       [0.        ],
       [0.        ],
       [0.86147594],
       [0.        ],
       [0.        ],
       [1.28165083],
       [0.        ],
       [0.        ],
       [0.        ],
       [2.12966881],
       [2.07621021],
       [0.        ],
       [1.7226746 ],
       [1.99834967],
       [0.        ],
       [0.        ],
       [0.30176172],
       [1.46792408],
       [0.97567086],
       [0.        ],
       [1.35673497],
       [1.67032233]]), array([[0.15947804],
       [0.00095887],
       [0.03547026],
       [0.0094367 ],
       [0.1436829 ],
       [0.09203676],
       [0.36645855],
       [0.01878809],
       [0.05436297],
       [0.11932687]])]