net.weights:[array([0.]), array([[ 3.26902705e-103, -6.03872544e-104, -3.07333344e-103, ...,
        -4.31960204e-104, -1.92202991e-103,  3.67756763e-104],
       [-9.44214505e-104, -3.14867872e-103, -1.40012309e-103, ...,
         3.92916721e-103,  6.09051475e-103,  7.79809555e-105],
       [ 1.95227808e-104,  1.54793561e-103, -2.48111622e-104, ...,
        -2.00096278e-103,  5.58390172e-103, -2.34060724e-103],
       ...,
       [-1.45732069e-103,  1.09938589e-104, -1.96905876e-103, ...,
         2.27161161e-103,  9.42318808e-104, -1.00844032e-103],
       [-3.87444214e-103,  3.14571164e-103,  3.27118269e-103, ...,
        -2.43836514e-103,  5.26996711e-103, -2.63684190e-103],
       [ 2.43802678e-104,  4.77583424e-103, -1.95701424e-103, ...,
         2.02871599e-103, -1.35430558e-105,  7.66686351e-103]]), array([[-6.70606251e-104,  5.77815405e-103, -4.43987583e-002,
        -1.22485193e-001,  1.47977708e-103, -1.98105905e-002,
        -2.35796831e-002, -8.10927897e-005, -2.07660126e-001,
        -7.67214339e-002, -1.64525550e-103,  2.78559295e-103,
        -1.11510263e-001, -1.64226955e-002, -5.61411365e-104,
        -5.17422145e-002,  2.09781104e-103,  8.83376083e-104,
         1.37542601e-103, -3.08774293e-002,  3.10898248e-103,
        -2.91470949e-103, -7.82485907e-002, -5.38938313e-002,
         3.25374870e-103, -6.53589434e-103, -1.09980014e-001,
        -2.42879758e-002, -1.65363186e-103, -1.59504003e-002,
        -4.76438691e-103, -2.33225853e-103, -4.76461975e-002,
        -3.06753960e-103, -3.16090072e-103, -1.68408198e-103,
        -3.86336049e-103, -4.82359802e-002,  2.60105343e-103,
         3.46364625e-001, -2.64555507e-002, -4.79405347e-103,
         7.75632337e-104,  3.16433415e-001, -1.15556880e-001,
        -4.69140326e-103, -8.55281113e-002, -1.73107298e-104,
        -2.65931472e-002,  4.74304082e-103],
       [-1.53267443e-103, -3.88652334e-104, -5.86872519e-002,
         1.87129591e-001,  2.23845996e-103, -2.61874442e-002,
        -6.09725988e-002, -1.59813248e-001,  3.17726044e-001,
        -9.78117773e-002,  2.88114077e-104,  1.59864873e-103,
         1.69996309e-001,  2.49264349e-002, -2.25176829e-103,
        -6.84069811e-002, -1.88255361e-103,  1.99833331e-103,
         3.25134967e-103, -3.93845310e-002, -2.15255535e-103,
        -7.65971460e-104, -9.98708818e-002, -7.12471870e-002,
         1.60443724e-103,  3.31095104e-103,  1.69407860e-001,
        -3.20694050e-002,  1.57042191e-103, -2.10807199e-002,
        -3.99560615e-103,  1.54891139e-103, -6.29445391e-002,
        -2.76457521e-105, -3.98317657e-103, -1.61281529e-103,
        -3.24358103e-103, -6.37135690e-002, -2.28546401e-104,
        -2.56641312e-001, -3.48367317e-002,  3.28456601e-103,
        -3.32702538e-103, -1.48446578e-001,  1.73533737e-001,
        -1.48948480e-103, -1.13065015e-001, -2.66566185e-103,
        -3.51637164e-002,  3.94943874e-103],
       [ 2.49490126e-103, -1.80879647e-103, -4.81102426e-002,
         9.85873818e-002, -1.59417736e-103, -2.14637035e-002,
         8.64892356e-002,  2.65749115e-001,  1.29573176e-002,
        -8.72283887e-002, -2.36652156e-103,  1.99808325e-103,
         8.98965633e-002, -6.88017688e-003,  2.00157031e-103,
        -5.60513348e-002, -4.75163071e-103,  2.70621411e-103,
         1.63879830e-103, -3.51045664e-002,  2.09525065e-103,
        -1.58851444e-103, -8.87285485e-002, -5.83905134e-002,
         5.06241573e-103, -3.21898879e-104,  3.22824568e-002,
        -2.62992977e-002,  8.68072326e-105, -1.72824283e-002,
         7.87526737e-105,  1.04676941e-103, -5.16164216e-002,
        -7.98659163e-104,  8.16039859e-104, -1.84229954e-103,
         5.48688640e-104, -5.22396967e-002, -3.22844767e-103,
        -6.16384769e-002, -2.86065556e-002, -2.81898732e-103,
         3.69136813e-104,  9.70561311e-002,  9.94808635e-002,
        -3.56078571e-103, -9.26573173e-002,  1.66673038e-103,
        -2.88193232e-002, -2.96695925e-103],
       [-1.42146627e-103, -8.05929359e-105, -3.73327848e-002,
         4.43684776e-002,  2.94778106e-103, -1.66565187e-002,
        -5.60729085e-002, -1.38818200e-001,  8.92322660e-002,
        -8.14336950e-002,  2.08775737e-104,  1.40928990e-103,
         4.07069883e-002,  8.07650630e-003,  2.81814448e-103,
        -4.35125075e-002,  1.36623392e-103,  3.45128716e-103,
         7.09035464e-104, -3.27964118e-002, -2.35814947e-103,
        -2.58418419e-103, -8.32565823e-002, -4.53202203e-002,
        -5.81251572e-103, -5.52743877e-104,  4.36279798e-002,
        -2.03974141e-002, -5.03889287e-104, -1.34096737e-002,
         3.79768796e-103,  5.48665384e-103, -4.00487154e-002,
        -2.93840381e-103, -8.95094109e-104, -1.77770931e-103,
         2.17622193e-103, -4.05299478e-002, -1.93202300e-103,
         2.79393879e-001, -2.20803011e-002,  3.53043660e-103,
        -3.27777306e-103, -1.20309517e-001,  4.48647013e-002,
        -1.68009904e-103, -7.19354504e-002, -4.92693563e-103,
        -2.23822423e-002, -3.03580113e-104],
       [ 2.73279201e-103,  2.11484181e-103,  5.69112963e-002,
        -9.24344753e-002, -1.97173612e-103,  2.53937522e-002,
         5.64181821e-002,  9.02915973e-002, -1.34770841e-001,
         1.67142414e-001, -3.08338154e-104, -1.80411486e-103,
        -8.41122856e-002, -9.44588586e-003,  5.84321999e-104,
         6.63352849e-002,  2.41983426e-103, -2.79953524e-103,
         5.57116601e-103,  6.72973536e-002,  4.57247000e-104,
        -4.98529642e-103,  1.70598251e-001,  6.90972409e-002,
        -4.65803350e-103, -2.44712525e-103, -7.52853875e-002,
         3.11484335e-002, -7.59498488e-104,  2.04397076e-002,
         1.96833896e-103,  1.27331596e-103,  6.10578093e-002,
        -1.58976090e-103, -1.21529896e-103,  2.65228507e-103,
        -9.22907242e-104,  6.18172554e-002,  7.27547863e-104,
        -2.00121394e-001,  3.39321761e-002, -2.14452391e-103,
        -2.66366476e-103, -6.95453721e-002, -8.80599792e-002,
        -8.18405418e-104,  1.09680615e-001,  1.44180691e-103,
         3.40738495e-002,  1.24856897e-103],
       [-3.35428391e-103,  1.47197976e-103, -2.52620035e-002,
        -4.46966548e-002, -3.20856614e-103, -1.12725659e-002,
        -4.12072072e-002, -1.11492619e-001, -1.87399592e-003,
         2.56385824e-002,  2.43434378e-104,  4.12717946e-103,
        -4.06795038e-002,  3.63304355e-003, -3.64195048e-103,
        -2.94488922e-002,  1.81476295e-103, -3.09377648e-103,
         3.92400350e-103,  1.03030597e-002, -6.98012024e-103,
        -2.03503310e-103,  2.59902000e-002, -3.06678597e-002,
        -1.56243305e-103,  4.41665734e-104, -1.34045563e-002,
        -1.37792320e-002,  1.47688882e-103, -9.07518990e-003,
        -4.75897616e-104, -5.72390593e-103, -2.70899057e-002,
        -1.99368740e-103,  4.10005320e-103, -3.82310812e-103,
         4.08978102e-103, -2.74221702e-002, -2.23856780e-105,
         2.11057000e-001, -1.48648716e-002, -3.06267411e-103,
        -6.69111461e-103, -2.50641663e-003, -4.41392174e-002,
         4.02640886e-103, -4.86532512e-002, -3.99677442e-103,
        -1.51584611e-002, -6.22444894e-103],
       [-8.78885204e-104,  3.28935961e-103, -7.22700392e-002,
        -3.83892017e-002,  3.10737864e-103, -3.22377230e-002,
         1.28087830e-001,  3.24053178e-001, -6.45373137e-002,
         1.36684487e-001, -6.22237181e-103, -2.25693256e-103,
        -3.50706882e-002, -5.24775447e-003, -6.74875183e-104,
        -8.42166386e-002,  1.84350414e-103, -9.82437754e-104,
        -2.46063118e-103,  5.50592653e-002,  6.16631859e-103,
         3.24903482e-103,  1.39972216e-001, -8.76965993e-002,
         2.55467610e-103, -1.91200470e-103, -3.32550726e-002,
        -3.94801348e-002, -7.50803512e-104, -2.59613438e-002,
         1.86132401e-103,  7.23817767e-103, -7.75079459e-002,
        -6.93757142e-103,  6.01459762e-103, -1.02673345e-103,
        -1.00680121e-103, -7.84625365e-002,  1.56150822e-103,
        -1.78571708e-001, -4.28597900e-002, -3.21576194e-103,
         3.85178547e-104,  1.57919418e-001, -3.82552603e-002,
         2.86086184e-103, -1.39178142e-001, -1.79462450e-103,
        -4.33218156e-002, -1.16780872e-103],
       [ 4.78088807e-104,  3.28309119e-103,  1.36909355e-001,
        -4.24565624e-002,  3.60948511e-103,  6.10819702e-002,
        -7.06731684e-002, -1.68245758e-001, -9.16746443e-002,
        -1.16917626e-001, -1.26384937e-103, -7.57887738e-104,
        -3.86610244e-002, -8.41249471e-003, -1.02877084e-103,
         1.59548995e-001, -9.42987211e-104,  4.76645799e-103,
        -3.69278305e-103, -4.70658352e-002, -1.40853750e-103,
        -3.63893125e-103, -1.19504859e-001,  1.66161928e-001,
        -7.48163069e-104, -1.28780684e-103, -4.51429151e-002,
         7.47126096e-002,  8.43507189e-104,  4.91837085e-002,
         2.96294433e-104,  4.56465811e-103,  1.46824130e-001,
        -4.85450548e-104, -5.42164480e-103, -2.31219276e-104,
         2.62241191e-103,  1.48603622e-001,  4.15954923e-103,
        -9.54067547e-002,  8.08170440e-002,  2.92121944e-103,
         2.16490949e-103, -7.37889283e-002, -3.95270597e-002,
        -2.11018153e-103,  2.63654881e-001,  2.40127715e-103,
         8.21151253e-002,  3.76193683e-104],
       [ 2.62467248e-104, -1.39962602e-103, -3.03478140e-003,
         7.35596217e-002,  2.22426478e-103, -1.35430684e-003,
        -8.13526053e-003, -3.54045915e-002,  1.41552121e-001,
         4.26117819e-002, -6.93455529e-104, -3.13067825e-103,
         6.69176043e-002,  1.20349046e-002,  1.62819190e-104,
        -3.53959486e-003,  1.24380045e-103,  3.13933252e-103,
         9.36582703e-104,  1.71326785e-002, -8.65243289e-104,
         5.35169246e-104,  4.33443152e-002, -3.68549323e-003,
        -2.72750296e-103,  2.27844234e-104,  7.22349948e-002,
        -1.61863260e-003,  3.66086133e-103, -1.08713173e-003,
        -4.81543101e-103,  2.40952938e-103, -3.23005704e-003,
        -3.18813298e-103, -2.43192515e-103,  4.07782725e-103,
        -5.34654771e-103, -3.27006209e-003,  7.70439161e-103,
         9.18004632e-002, -1.59814193e-003,  1.51419383e-103,
        -3.27379181e-103, -4.41247594e-002,  6.87940168e-002,
        -1.20002061e-103, -5.84450156e-003, -6.32151375e-103,
        -1.84036895e-003,  2.93045803e-103],
       [-1.53964530e-103, -1.43720826e-103,  9.52752106e-002,
        -6.31829852e-002,  3.59107831e-103,  4.25071303e-002,
        -1.03544213e-002, -6.62383814e-002, -6.09508277e-002,
         8.80356567e-002, -1.89404898e-103, -2.67757244e-103,
        -5.74836994e-002, -2.26188188e-003,  2.33141921e-103,
         1.11033884e-001, -5.25791147e-104,  3.35439678e-104,
        -2.43938492e-103,  3.54364166e-002, -4.23981992e-103,
         3.81371595e-104,  8.97044805e-002,  1.15642536e-001,
        -5.27263237e-103, -3.37352645e-103, -4.04853460e-002,
         5.20710490e-002, -1.24464130e-103,  3.42234714e-002,
         1.60826971e-103, -5.14630802e-104,  1.02201843e-001,
         2.06621597e-103,  3.00325512e-103, -1.71205861e-103,
        -6.88515176e-103,  1.03453085e-001,  2.89874062e-103,
        -1.36236322e-001,  5.65527225e-002, -5.28102784e-104,
        -1.86739890e-103, -1.12687391e-001, -6.11349212e-002,
        -1.72931864e-103,  1.83526293e-001, -4.13161329e-104,
         5.70901000e-002,  5.75222797e-103]])],net.biases:[array([0.]), array([[-5.16312619e-099],
       [-1.26669545e-099],
       [ 1.58197306e-002],
       [ 2.68447261e-002],
       [-1.83975176e-099],
       [ 7.05700374e-003],
       [ 5.39611795e-003],
       [ 1.21941900e-002],
       [ 4.79855576e-002],
       [ 1.34550136e-002],
       [-2.47810690e-099],
       [-3.23919569e-101],
       [ 2.43952529e-002],
       [ 3.91504496e-003],
       [-3.43099769e-100],
       [ 1.84396547e-002],
       [-4.94632526e-099],
       [-3.24351884e-099],
       [-6.36075793e-100],
       [ 5.41602894e-003],
       [-3.86303267e-099],
       [-9.43607423e-099],
       [ 1.37205436e-002],
       [ 1.91982618e-002],
       [-2.29341709e-099],
       [-1.08995723e-099],
       [ 2.50705246e-002],
       [ 8.64091326e-003],
       [-1.04906914e-099],
       [ 5.68217612e-003],
       [-2.39997066e-099],
       [-4.50474891e-099],
       [ 1.69755245e-002],
       [-8.35822949e-100],
       [-4.96856300e-099],
       [-1.40727824e-100],
       [-5.85761107e-099],
       [ 1.71756691e-002],
       [-9.47002411e-099],
       [ 4.09477985e-003],
       [ 9.35637693e-003],
       [-4.97147864e-100],
       [-1.24697876e-099],
       [ 1.28958412e-002],
       [ 2.48920205e-002],
       [-3.52039169e-099],
       [ 3.04771765e-002],
       [-2.56177961e-099],
       [ 9.48442252e-003],
       [-1.65572506e-099]]), array([[-0.03819381],
       [ 0.06854505],
       [-0.02942464],
       [-0.02831838],
       [ 0.00730824],
       [ 0.01740054],
       [-0.00050024],
       [ 0.03085364],
       [-0.0349897 ],
       [ 0.0073193 ]])],net.linear:[array([0.]), array([[-5.17943215e-099],
       [-1.26846557e-099],
       [ 5.80584405e-001],
       [ 5.72780954e-001],
       [-1.84284537e-099],
       [ 2.58943326e-001],
       [ 3.61273294e-002],
       [ 9.01572170e-002],
       [ 8.99121800e-001],
       [ 1.21595951e-001],
       [-2.48161749e-099],
       [-3.50069669e-101],
       [ 5.20579065e-001],
       [ 6.77906026e-002],
       [-3.47564153e-100],
       [ 6.76642060e-001],
       [-4.95743047e-099],
       [-3.25660294e-099],
       [-6.38749837e-100],
       [ 4.89293036e-002],
       [-3.87505407e-099],
       [-9.45930741e-099],
       [ 1.23502935e-001],
       [ 7.04424885e-001],
       [-2.29572101e-099],
       [-1.09456179e-099],
       [ 4.87379489e-001],
       [ 3.17069563e-001],
       [-1.05123060e-099],
       [ 2.08506726e-001],
       [-2.40581149e-099],
       [-4.51618598e-099],
       [ 6.22837576e-001],
       [-8.41760045e-100],
       [-4.97635803e-099],
       [-1.40483331e-100],
       [-5.87084118e-099],
       [ 6.30313194e-001],
       [-9.49032174e-099],
       [ 1.25834306e-001],
       [ 3.43614649e-001],
       [-4.97194951e-100],
       [-1.25014197e-099],
       [ 1.37254834e-001],
       [ 5.37531495e-001],
       [-3.52440955e-099],
       [ 1.11822618e+000],
       [-2.56819346e-099],
       [ 3.47997323e-001],
       [-1.65891177e-099]]), array([[-0.69059014],
       [ 0.24924695],
       [-0.14690351],
       [-0.11572568],
       [ 0.08563374],
       [-0.20610339],
       [-0.53445294],
       [ 0.67518524],
       [ 0.24419569],
       [ 0.43951405]])],net.nuerons:[array([[0.        ],
       [0.        ],
       [0.        ],
       [0.        ],
       [0.        ],
       [0.        ],
       [0.        ],
       [0.        ],
       [0.        ],
       [0.        ],
       [0.        ],
       [0.        ],
       [0.        ],
       [0.        ],
       [0.        ],
       [0.        ],
       [0.        ],
       [0.        ],
       [0.        ],
       [0.        ],
       [0.        ],
       [0.        ],
       [0.        ],
       [0.        ],
       [0.        ],
       [0.        ],
       [0.        ],
       [0.        ],
       [0.        ],
       [0.        ],
       [0.        ],
       [0.        ],
       [0.        ],
       [0.        ],
       [0.        ],
       [0.        ],
       [0.        ],
       [0.        ],
       [0.        ],
       [0.        ],
       [0.        ],
       [0.        ],
       [0.        ],
       [0.        ],
       [0.        ],
       [0.        ],
       [0.        ],
       [0.        ],
       [0.        ],
       [0.        ],
       [0.        ],
       [0.        ],
       [0.        ],
       [0.        ],
       [0.        ],
       [0.        ],
       [0.        ],
       [0.        ],
       [0.        ],
       [0.        ],
       [0.        ],
       [0.        ],
       [0.        ],
       [0.        ],
       [0.        ],
       [0.        ],
       [0.        ],
       [0.        ],
       [0.        ],
       [0.        ],
       [0.        ],
       [0.        ],
       [0.        ],
       [0.        ],
       [0.        ],
       [0.        ],
       [0.        ],
       [0.        ],
       [0.        ],
       [0.        ],
       [0.        ],
       [0.        ],
       [0.        ],
       [0.        ],
       [0.        ],
       [0.        ],
       [0.        ],
       [0.        ],
       [0.        ],
       [0.        ],
       [0.        ],
       [0.        ],
       [0.        ],
       [0.        ],
       [0.        ],
       [0.        ],
       [0.        ],
       [0.        ],
       [0.        ],
       [0.        ],
       [0.        ],
       [0.        ],
       [0.        ],
       [0.        ],
       [0.        ],
       [0.        ],
       [0.        ],
       [0.        ],
       [0.        ],
       [0.        ],
       [0.        ],
       [0.        ],
       [0.        ],
       [0.        ],
       [0.        ],
       [0.        ],
       [0.        ],
       [0.        ],
       [0.        ],
       [0.        ],
       [0.        ],
       [0.        ],
       [0.        ],
       [0.        ],
       [0.        ],
       [0.        ],
       [0.        ],
       [0.        ],
       [0.        ],
       [0.        ],
       [0.        ],
       [0.        ],
       [0.        ],
       [0.        ],
       [0.        ],
       [0.        ],
       [0.        ],
       [0.        ],
       [0.        ],
       [0.        ],
       [0.        ],
       [0.        ],
       [0.        ],
       [0.        ],
       [0.        ],
       [0.        ],
       [0.        ],
       [0.        ],
       [0.        ],
       [0.        ],
       [0.        ],
       [0.        ],
       [0.        ],
       [0.        ],
       [0.        ],
       [0.        ],
       [0.        ],
       [0.        ],
       [0.        ],
       [0.        ],
       [0.        ],
       [0.        ],
       [0.        ],
       [0.        ],
       [0.        ],
       [0.        ],
       [0.        ],
       [0.        ],
       [0.        ],
       [0.        ],
       [0.        ],
       [0.        ],
       [0.        ],
       [0.        ],
       [0.        ],
       [0.        ],
       [0.        ],
       [0.        ],
       [0.        ],
       [0.        ],
       [0.        ],
       [0.        ],
       [0.        ],
       [0.        ],
       [0.        ],
       [0.        ],
       [0.        ],
       [0.        ],
       [0.        ],
       [0.        ],
       [0.        ],
       [0.        ],
       [0.        ],
       [0.        ],
       [0.        ],
       [0.        ],
       [0.        ],
       [0.        ],
       [0.        ],
       [0.        ],
       [0.        ],
       [0.        ],
       [0.        ],
       [0.        ],
       [0.        ],
       [0.        ],
       [0.        ],
       [0.        ],
       [0.        ],
       [0.22265625],
       [0.55078125],
       [0.6640625 ],
       [0.6640625 ],
       [0.8828125 ],
       [0.7734375 ],
       [0.3359375 ],
       [0.        ],
       [0.        ],
       [0.        ],
       [0.        ],
       [0.        ],
       [0.        ],
       [0.        ],
       [0.        ],
       [0.        ],
       [0.        ],
       [0.        ],
       [0.        ],
       [0.        ],
       [0.        ],
       [0.        ],
       [0.        ],
       [0.        ],
       [0.        ],
       [0.        ],
       [0.11328125],
       [0.4453125 ],
       [0.99609375],
       [0.99609375],
       [0.99609375],
       [0.99609375],
       [0.99609375],
       [0.99609375],
       [0.8828125 ],
       [0.        ],
       [0.        ],
       [0.        ],
       [0.        ],
       [0.        ],
       [0.        ],
       [0.        ],
       [0.        ],
       [0.        ],
       [0.        ],
       [0.        ],
       [0.        ],
       [0.        ],
       [0.        ],
       [0.        ],
       [0.        ],
       [0.        ],
       [0.        ],
       [0.        ],
       [0.55078125],
       [0.99609375],
       [0.99609375],
       [0.55078125],
       [0.11328125],
       [0.        ],
       [0.4453125 ],
       [0.99609375],
       [0.6640625 ],
       [0.        ],
       [0.        ],
       [0.        ],
       [0.        ],
       [0.        ],
       [0.        ],
       [0.        ],
       [0.        ],
       [0.        ],
       [0.        ],
       [0.        ],
       [0.        ],
       [0.        ],
       [0.        ],
       [0.        ],
       [0.        ],
       [0.        ],
       [0.        ],
       [0.55078125],
       [0.99609375],
       [0.99609375],
       [0.11328125],
       [0.        ],
       [0.        ],
       [0.        ],
       [0.8828125 ],
       [0.99609375],
       [0.3359375 ],
       [0.        ],
       [0.        ],
       [0.        ],
       [0.        ],
       [0.        ],
       [0.        ],
       [0.        ],
       [0.        ],
       [0.        ],
       [0.        ],
       [0.        ],
       [0.        ],
       [0.        ],
       [0.        ],
       [0.        ],
       [0.        ],
       [0.        ],
       [0.        ],
       [0.7734375 ],
       [0.7734375 ],
       [0.22265625],
       [0.        ],
       [0.        ],
       [0.        ],
       [0.3359375 ],
       [0.99609375],
       [0.7734375 ],
       [0.        ],
       [0.        ],
       [0.        ],
       [0.        ],
       [0.        ],
       [0.        ],
       [0.        ],
       [0.        ],
       [0.        ],
       [0.        ],
       [0.        ],
       [0.        ],
       [0.        ],
       [0.        ],
       [0.        ],
       [0.        ],
       [0.        ],
       [0.        ],
       [0.        ],
       [0.        ],
       [0.        ],
       [0.        ],
       [0.        ],
       [0.        ],
       [0.11328125],
       [0.8828125 ],
       [0.8828125 ],
       [0.4453125 ],
       [0.        ],
       [0.        ],
       [0.        ],
       [0.        ],
       [0.        ],
       [0.        ],
       [0.        ],
       [0.        ],
       [0.        ],
       [0.        ],
       [0.        ],
       [0.        ],
       [0.        ],
       [0.        ],
       [0.        ],
       [0.        ],
       [0.        ],
       [0.        ],
       [0.        ],
       [0.        ],
       [0.        ],
       [0.        ],
       [0.        ],
       [0.        ],
       [0.4453125 ],
       [0.99609375],
       [0.6640625 ],
       [0.        ],
       [0.        ],
       [0.        ],
       [0.        ],
       [0.        ],
       [0.        ],
       [0.        ],
       [0.        ],
       [0.        ],
       [0.        ],
       [0.        ],
       [0.        ],
       [0.        ],
       [0.        ],
       [0.        ],
       [0.        ],
       [0.        ],
       [0.        ],
       [0.        ],
       [0.        ],
       [0.        ],
       [0.        ],
       [0.        ],
       [0.        ],
       [0.22265625],
       [0.99609375],
       [0.8828125 ],
       [0.11328125],
       [0.        ],
       [0.        ],
       [0.        ],
       [0.        ],
       [0.        ],
       [0.        ],
       [0.        ],
       [0.        ],
       [0.        ],
       [0.        ],
       [0.        ],
       [0.        ],
       [0.        ],
       [0.        ],
       [0.        ],
       [0.        ],
       [0.        ],
       [0.        ],
       [0.        ],
       [0.        ],
       [0.        ],
       [0.        ],
       [0.        ],
       [0.11328125],
       [0.7734375 ],
       [0.99609375],
       [0.4453125 ],
       [0.        ],
       [0.        ],
       [0.        ],
       [0.        ],
       [0.        ],
       [0.        ],
       [0.        ],
       [0.        ],
       [0.        ],
       [0.        ],
       [0.        ],
       [0.        ],
       [0.        ],
       [0.        ],
       [0.        ],
       [0.        ],
       [0.        ],
       [0.        ],
       [0.        ],
       [0.        ],
       [0.        ],
       [0.        ],
       [0.        ],
       [0.        ],
       [0.4453125 ],
       [0.99609375],
       [0.7734375 ],
       [0.        ],
       [0.        ],
       [0.        ],
       [0.        ],
       [0.        ],
       [0.        ],
       [0.        ],
       [0.        ],
       [0.        ],
       [0.        ],
       [0.        ],
       [0.        ],
       [0.        ],
       [0.        ],
       [0.        ],
       [0.        ],
       [0.        ],
       [0.        ],
       [0.        ],
       [0.        ],
       [0.        ],
       [0.        ],
       [0.        ],
       [0.        ],
       [0.11328125],
       [0.99609375],
       [0.99609375],
       [0.11328125],
       [0.        ],
       [0.        ],
       [0.        ],
       [0.        ],
       [0.        ],
       [0.        ],
       [0.        ],
       [0.        ],
       [0.        ],
       [0.        ],
       [0.        ],
       [0.        ],
       [0.        ],
       [0.        ],
       [0.        ],
       [0.        ],
       [0.        ],
       [0.        ],
       [0.        ],
       [0.        ],
       [0.        ],
       [0.        ],
       [0.        ],
       [0.        ],
       [0.8828125 ],
       [0.99609375],
       [0.3359375 ],
       [0.        ],
       [0.        ],
       [0.        ],
       [0.        ],
       [0.        ],
       [0.        ],
       [0.        ],
       [0.        ],
       [0.        ],
       [0.        ],
       [0.        ],
       [0.        ],
       [0.        ],
       [0.        ],
       [0.        ],
       [0.        ],
       [0.        ],
       [0.        ],
       [0.        ],
       [0.        ],
       [0.        ],
       [0.        ],
       [0.        ],
       [0.        ],
       [0.55078125],
       [0.99609375],
       [0.55078125],
       [0.        ],
       [0.        ],
       [0.        ],
       [0.        ],
       [0.        ],
       [0.        ],
       [0.        ],
       [0.        ],
       [0.        ],
       [0.        ],
       [0.        ],
       [0.        ],
       [0.        ],
       [0.        ],
       [0.        ],
       [0.        ],
       [0.        ],
       [0.        ],
       [0.        ],
       [0.        ],
       [0.        ],
       [0.        ],
       [0.        ],
       [0.        ],
       [0.22265625],
       [0.99609375],
       [0.8828125 ],
       [0.11328125],
       [0.        ],
       [0.        ],
       [0.        ],
       [0.        ],
       [0.        ],
       [0.        ],
       [0.        ],
       [0.        ],
       [0.        ],
       [0.        ],
       [0.        ],
       [0.        ],
       [0.        ],
       [0.        ],
       [0.        ],
       [0.        ],
       [0.        ],
       [0.        ],
       [0.        ],
       [0.        ],
       [0.        ],
       [0.        ],
       [0.        ],
       [0.        ],
       [0.7734375 ],
       [0.99609375],
       [0.4453125 ],
       [0.        ],
       [0.        ],
       [0.        ],
       [0.        ],
       [0.        ],
       [0.        ],
       [0.        ],
       [0.        ],
       [0.        ],
       [0.        ],
       [0.        ],
       [0.        ],
       [0.        ],
       [0.        ],
       [0.        ],
       [0.        ],
       [0.        ],
       [0.        ],
       [0.        ],
       [0.        ],
       [0.        ],
       [0.        ],
       [0.        ],
       [0.        ],
       [0.4453125 ],
       [0.99609375],
       [0.7734375 ],
       [0.        ],
       [0.        ],
       [0.        ],
       [0.        ],
       [0.        ],
       [0.        ],
       [0.        ],
       [0.        ],
       [0.        ],
       [0.        ],
       [0.        ],
       [0.        ],
       [0.        ],
       [0.        ],
       [0.        ],
       [0.        ],
       [0.        ],
       [0.        ],
       [0.        ],
       [0.        ],
       [0.        ],
       [0.        ],
       [0.        ],
       [0.        ],
       [0.22265625],
       [0.8828125 ],
       [0.8828125 ],
       [0.22265625],
       [0.        ],
       [0.        ],
       [0.        ],
       [0.        ],
       [0.        ],
       [0.        ],
       [0.        ],
       [0.        ],
       [0.        ],
       [0.        ],
       [0.        ],
       [0.        ],
       [0.        ],
       [0.        ],
       [0.        ],
       [0.        ],
       [0.        ],
       [0.        ],
       [0.        ],
       [0.        ],
       [0.        ],
       [0.        ],
       [0.        ],
       [0.        ],
       [0.22265625],
       [0.99609375],
       [0.7734375 ],
       [0.        ],
       [0.        ],
       [0.        ],
       [0.        ],
       [0.        ],
       [0.        ],
       [0.        ],
       [0.        ],
       [0.        ],
       [0.        ],
       [0.        ],
       [0.        ],
       [0.        ],
       [0.        ],
       [0.        ],
       [0.        ],
       [0.        ],
       [0.        ],
       [0.        ],
       [0.        ],
       [0.        ],
       [0.        ],
       [0.        ],
       [0.        ],
       [0.        ],
       [0.99609375],
       [0.99609375],
       [0.11328125],
       [0.        ],
       [0.        ],
       [0.        ],
       [0.        ],
       [0.        ],
       [0.        ],
       [0.        ],
       [0.        ],
       [0.        ],
       [0.        ],
       [0.        ],
       [0.        ],
       [0.        ],
       [0.        ],
       [0.        ],
       [0.        ],
       [0.        ],
       [0.        ],
       [0.        ],
       [0.        ],
       [0.        ],
       [0.        ],
       [0.        ],
       [0.        ],
       [0.22265625],
       [0.99609375],
       [0.7734375 ],
       [0.        ],
       [0.        ],
       [0.        ],
       [0.        ],
       [0.        ],
       [0.        ],
       [0.        ],
       [0.        ],
       [0.        ],
       [0.        ],
       [0.        ],
       [0.        ],
       [0.        ],
       [0.        ],
       [0.        ],
       [0.        ],
       [0.        ],
       [0.        ],
       [0.        ],
       [0.        ],
       [0.        ],
       [0.        ],
       [0.        ],
       [0.        ],
       [0.        ],
       [0.        ],
       [0.        ],
       [0.        ],
       [0.        ],
       [0.        ],
       [0.        ],
       [0.        ],
       [0.        ],
       [0.        ],
       [0.        ],
       [0.        ],
       [0.        ],
       [0.        ],
       [0.        ],
       [0.        ],
       [0.        ],
       [0.        ],
       [0.        ],
       [0.        ],
       [0.        ],
       [0.        ]], dtype=float32), array([[0.        ],
       [0.        ],
       [0.5805844 ],
       [0.57278095],
       [0.        ],
       [0.25894333],
       [0.03612733],
       [0.09015722],
       [0.8991218 ],
       [0.12159595],
       [0.        ],
       [0.        ],
       [0.52057906],
       [0.0677906 ],
       [0.        ],
       [0.67664206],
       [0.        ],
       [0.        ],
       [0.        ],
       [0.0489293 ],
       [0.        ],
       [0.        ],
       [0.12350294],
       [0.70442488],
       [0.        ],
       [0.        ],
       [0.48737949],
       [0.31706956],
       [0.        ],
       [0.20850673],
       [0.        ],
       [0.        ],
       [0.62283758],
       [0.        ],
       [0.        ],
       [0.        ],
       [0.        ],
       [0.63031319],
       [0.        ],
       [0.12583431],
       [0.34361465],
       [0.        ],
       [0.        ],
       [0.13725483],
       [0.53753149],
       [0.        ],
       [1.11822618],
       [0.        ],
       [0.34799732],
       [0.        ]]), array([[0.04632678],
       [0.11857639],
       [0.0797907 ],
       [0.08231758],
       [0.1006797 ],
       [0.0752042 ],
       [0.05415539],
       [0.18154357],
       [0.11797894],
       [0.14342675]])]