net.weights:[array([0.]), array([[ 1.18755352e-22, -6.81580768e-22, -1.91987628e-22, ...,
         9.10580884e-22,  8.26207931e-22, -9.88975142e-22],
       [ 1.06812134e-21,  1.73872292e-21,  8.63992125e-22, ...,
        -2.99432741e-22,  9.26318473e-22,  2.07901140e-22],
       [ 3.43574153e-23, -2.86371241e-22,  8.31230896e-22, ...,
         5.53189772e-22, -1.28113162e-21,  1.96006699e-21],
       ...,
       [-5.59317272e-22,  7.87099668e-22,  1.42026610e-21, ...,
        -1.15536230e-22, -2.67899248e-22, -3.14677470e-22],
       [-1.27826954e-21,  1.65360032e-21, -1.20628384e-21, ...,
         1.02533034e-21,  2.43890713e-21,  9.95991260e-22],
       [-9.86899795e-22, -2.13623412e-22,  2.72359188e-22, ...,
        -2.77600352e-22,  1.07652284e-21,  8.85628317e-22]]), array([[-5.97564234e-23,  4.78204816e-01, -1.23737176e-01,
        -1.35382398e-21, -1.47090388e-21,  8.50579038e-23,
        -2.43047874e-01,  2.01930774e-21, -1.06579055e-01,
        -1.70391053e-23, -5.82125889e-02,  9.01136464e-22,
         9.13095234e-22, -1.39646598e-01,  4.26316091e-22,
        -1.09104633e-21,  7.17136465e-22,  4.64185292e-01,
         2.11197700e-01, -2.98699703e-22,  1.55203105e-22,
        -1.42125525e-01,  1.49685553e-21, -2.05392789e-21,
        -3.37306722e-22,  5.66056134e-22, -1.13963724e-21,
         4.52275965e-02, -6.69225997e-22, -6.79887352e-22,
        -1.88243422e-22,  2.64772888e-01, -3.12669473e-01,
        -2.05341281e-01,  4.10932832e-22, -4.07002255e-23,
        -6.72425348e-22, -2.15141852e-01, -1.95283026e-22,
         7.40451746e-22, -3.16945301e-21,  4.08503326e-02,
        -1.35917584e-01, -1.05097857e-01,  1.05450980e-21,
         1.96521613e-01, -1.01165078e-01,  1.17698966e-01,
        -3.32409152e-22, -2.85371183e-01],
       [-2.52121743e-22, -9.44636921e-02, -1.35695960e-01,
         8.40629445e-22, -1.58195618e-21,  9.01639600e-22,
        -8.43213803e-02,  2.26609956e-21,  2.48576169e-01,
         4.93577165e-22,  1.63686060e-01, -6.74121759e-22,
         7.25024244e-22, -9.51519263e-02, -9.79909677e-22,
        -1.14767393e-21, -5.77966891e-22, -2.95429720e-01,
        -1.75431298e-01,  8.36930992e-22,  3.45911893e-22,
         1.99839263e-01,  4.52827221e-22, -2.02148386e-21,
         1.50234591e-21, -4.11051206e-22, -5.39694150e-22,
        -1.17240326e-01, -5.44017833e-22, -4.52310245e-22,
         5.73391727e-22, -3.08270671e-01,  6.74927684e-01,
        -1.56075575e-01,  9.21834321e-23,  2.22168391e-21,
         3.42468618e-22, -2.45835020e-01, -8.20785538e-22,
        -3.95521714e-22, -1.15473821e-21, -9.44541211e-02,
         1.51935510e-01, -6.99897121e-02, -2.10838657e-21,
        -1.47281364e-01, -1.63874685e-01, -2.84797840e-01,
         7.89238870e-22,  3.26527813e-01],
       [-8.64853444e-22, -1.62291067e-01, -1.49927702e-01,
        -8.71425225e-22,  2.56702133e-22, -2.13365308e-21,
        -1.19919138e-01, -7.57198298e-22,  7.91206309e-02,
         8.52056468e-22, -3.55893330e-02,  2.69073573e-22,
        -1.28522330e-21, -2.20318681e-01,  1.34941253e-21,
         1.28204790e-21,  4.87046734e-23,  8.31862978e-02,
         1.50763737e-04, -4.75696681e-22, -1.29586632e-21,
         1.97114241e-01, -1.17610800e-21, -1.10713552e-21,
         1.54831103e-22,  1.27364224e-21, -7.74073387e-22,
         1.74919686e-01, -1.73367628e-21, -1.24707708e-21,
         9.22651453e-22, -1.53627655e-01, -2.78255371e-01,
        -1.98204217e-01, -6.14120422e-22, -1.46224531e-21,
        -1.41037359e-21, -7.96867279e-02, -1.02263478e-21,
        -1.37247692e-21, -4.67516708e-22, -1.45000699e-01,
        -1.18820205e-01,  2.48872590e-03, -1.75355564e-21,
         3.06126876e-01,  1.60117616e-02,  3.51793741e-01,
         7.62185254e-22,  6.36558544e-01],
       [-2.04761977e-22, -5.86785677e-02, -1.17867849e-01,
         4.05444755e-22, -1.92927212e-21, -1.34895677e-22,
         7.17623678e-01, -7.52243769e-22,  2.10701310e-01,
        -6.08542007e-22, -9.94949180e-02,  1.18851142e-21,
         1.07696334e-22,  2.89420729e-02, -6.79231751e-22,
         1.98371952e-21, -9.55756998e-22,  2.15161170e-01,
         8.60906681e-02,  2.08826343e-22, -2.28748941e-21,
        -9.93916325e-02,  1.55121143e-21,  2.04944786e-22,
         1.24961626e-21, -5.03434591e-23,  7.44518299e-22,
        -3.81778873e-02, -1.20869876e-21, -1.58839743e-21,
        -5.09823222e-22,  1.84931269e-01, -1.76596826e-01,
        -1.52914429e-01, -1.05992675e-21, -9.47839611e-22,
        -1.15141339e-21, -1.33991166e-01,  8.46770515e-22,
         2.11718902e-21,  4.51129936e-22, -1.40978660e-02,
         7.09273782e-03, -5.30699143e-02, -1.69859173e-21,
        -8.81102038e-02, -1.46267007e-01, -2.81021336e-01,
        -1.15457999e-21,  3.59811149e-01],
       [-1.67685032e-21, -1.31254675e-01,  2.19253590e-01,
        -6.49412287e-22, -1.23739078e-21,  1.35697569e-21,
        -4.57767025e-02,  1.66640553e-21, -3.63573042e-02,
         5.52766068e-22, -5.66149048e-02, -1.27051614e-22,
         1.97050667e-23, -4.46156307e-02,  1.13935794e-21,
         2.54530021e-22, -3.34962910e-22, -2.39716964e-01,
        -1.26565830e-01, -1.18268497e-22,  7.15664424e-22,
        -1.29089481e-01,  3.13467721e-22,  8.45983764e-22,
         5.43482672e-22,  1.47188906e-21,  1.78482791e-22,
        -8.74235856e-02, -5.21676999e-22, -6.91843985e-23,
        -9.97125701e-22, -2.89389387e-01, -1.19821800e-01,
         3.86546023e-01, -4.08870535e-22, -2.18075338e-22,
        -2.24895093e-22,  5.71343610e-01,  6.75490971e-22,
         1.66791292e-21, -4.71810105e-22,  1.63010795e-01,
        -2.12380697e-01, -2.55156371e-01, -1.00997382e-21,
        -4.33439362e-02,  4.47261650e-01, -6.12218886e-02,
         7.73982553e-22, -2.10870011e-01],
       [ 2.42610329e-22,  4.10513691e-01,  8.06329885e-02,
        -2.08538477e-21, -8.35544525e-22,  1.63979531e-21,
         1.76708230e-01,  1.34772415e-21, -1.50747396e-01,
         8.42180526e-23,  1.06907106e-01, -3.14839397e-22,
         9.21704067e-22,  4.88131439e-01, -2.24363619e-21,
         1.87349019e-22,  4.26195736e-22,  1.68149299e-01,
         2.22725800e-01,  9.59731192e-22, -8.57363774e-22,
        -6.11702024e-02, -1.43529883e-21,  9.46021690e-22,
        -1.40420556e-21,  1.53161248e-22, -7.65679007e-22,
        -4.41236059e-02,  1.39618386e-21, -8.50411886e-23,
        -6.14381592e-22, -1.23019941e-01,  9.20144222e-02,
         2.78144431e-01, -7.39955797e-22, -2.65336707e-22,
        -3.89042035e-22, -1.93827338e-01, -7.55637025e-22,
         1.00834188e-23,  6.97774134e-22,  6.16216897e-03,
        -1.60126700e-01, -7.68211468e-02,  8.59127353e-22,
        -1.50772181e-01, -1.19804164e-01, -1.70822092e-01,
         1.89766114e-21, -2.77501573e-01],
       [-3.93098683e-22, -2.42722124e-02,  8.52608540e-02,
         7.44609390e-22,  1.01815247e-21,  2.52353441e-22,
        -1.27721039e-01, -1.54898566e-21, -8.30903184e-02,
         6.91223110e-22, -7.40874171e-02, -1.12368696e-21,
         1.02405630e-22,  5.59022421e-02,  4.90771521e-23,
         1.15420050e-21,  8.76043614e-22, -1.98734043e-01,
        -1.06586901e-01, -1.40493482e-21, -1.54843751e-21,
         2.20573824e-01, -2.65430868e-22, -8.13520958e-22,
         6.71993659e-22, -7.22119544e-22, -1.05331545e-21,
         5.26868219e-01,  1.30205506e-21,  1.51410599e-22,
         2.92174642e-22, -2.62449508e-01,  3.82494447e-02,
        -6.46184850e-02, -2.88309781e-21,  1.29314532e-22,
         8.59026637e-23, -3.17815389e-01,  9.02292859e-22,
        -8.26764388e-22,  3.83505810e-22,  4.45164185e-01,
        -5.69513640e-02, -1.43346738e-01, -1.45477089e-21,
         2.01503305e-01,  3.35423677e-01,  2.84769430e-01,
        -3.04926717e-22, -2.74316149e-01],
       [-2.27080435e-22,  5.70509650e-02, -1.57357655e-01,
        -5.49963935e-22, -1.17734755e-21, -1.15461214e-21,
        -1.50974672e-01,  6.17718038e-22, -5.19882950e-03,
         2.71483689e-22,  3.24613761e-01, -4.64990831e-22,
        -4.38981741e-23, -2.19319623e-01,  4.52588741e-22,
         1.75497565e-21,  1.48405251e-21, -1.65326510e-01,
        -1.26960341e-01,  9.33819560e-22, -2.16877814e-21,
        -2.96590629e-02,  5.64063082e-22, -6.36209495e-22,
        -6.51615336e-22, -1.19585183e-21, -1.21962421e-21,
        -1.20937121e-01,  3.13119052e-22, -4.80929407e-22,
        -1.59700198e-21,  3.92080348e-01, -1.51399927e-01,
        -1.89411884e-01,  1.60882461e-21,  1.34053646e-21,
        -1.25216165e-21,  3.58270689e-01,  4.33863028e-22,
        -1.61286434e-21, -3.32846188e-22, -2.12066417e-02,
        -1.19382241e-01,  6.40566427e-01,  1.21341576e-22,
        -1.26448739e-01, -2.09000554e-01, -2.91266122e-01,
        -1.20290713e-21,  5.49512016e-02],
       [ 6.62103356e-22, -2.97699509e-01,  1.98201958e-01,
         1.67404796e-21, -1.63704912e-22,  3.09764320e-22,
        -1.39121984e-01,  1.84358422e-21, -6.00054739e-02,
        -3.74764128e-23, -1.12260114e-01, -9.05277455e-22,
         1.61485674e-22,  9.40387214e-02,  3.06567620e-23,
         1.69921191e-21,  7.63174727e-22,  1.49342762e-01,
         1.62572114e-01, -2.69555561e-21,  2.30957032e-22,
         5.18984847e-03, -5.01100152e-22, -1.08093218e-21,
        -1.04639996e-21, -6.42937965e-22,  7.77825301e-22,
        -1.90378945e-01,  1.46607106e-21,  9.08190941e-22,
        -3.61999553e-22,  9.07758673e-02,  3.03111353e-01,
         3.36426468e-01, -6.19562316e-22,  3.01280964e-22,
        -3.27063715e-22, -1.13254198e-01, -2.08935946e-21,
        -2.82441156e-22, -1.25205644e-21, -1.47068162e-01,
         1.06693950e-01, -1.63090915e-01,  5.25417920e-22,
        -1.41936101e-01, -2.91307061e-01,  3.60515192e-01,
         2.25810032e-21, -6.10786603e-03],
       [ 1.93946831e-22, -1.77109749e-01,  1.01236950e-01,
         1.26343705e-21,  7.40742353e-22,  4.99737976e-22,
         1.65508830e-02,  1.87939489e-21, -9.64197329e-02,
        -1.32342318e-21, -1.58947652e-01, -5.04476280e-22,
         2.03475484e-21,  5.20379839e-02, -1.09537015e-21,
         1.18212164e-21,  1.37143220e-21, -1.80817583e-01,
        -1.47192676e-01, -4.11432544e-22, -1.63676545e-21,
        -1.61281272e-01,  2.15372127e-22, -1.75961730e-21,
         5.88705383e-22,  8.64889461e-22, -8.25051736e-22,
        -1.48734031e-01, -1.98664519e-21, -1.18087374e-21,
         4.81659311e-22,  2.04196791e-01, -6.95595057e-02,
        -3.45510501e-02,  2.38303774e-21, -1.59493389e-21,
         2.05576454e-21,  3.69937392e-01,  8.11167090e-22,
         1.12569887e-21,  6.95376242e-22, -2.33359991e-01,
         5.37856592e-01,  2.23517500e-01,  7.05725116e-22,
        -6.25926843e-03,  2.32721462e-01, -2.56480499e-02,
         8.90041302e-23, -3.23681926e-01]])],net.biases:[array([0.]), array([[-1.38370376e-17],
       [ 9.66447581e-02],
       [-6.00752170e-03],
       [-6.04276879e-18],
       [-7.58885261e-18],
       [-2.22600485e-18],
       [ 1.71630585e-02],
       [-9.73333170e-18],
       [ 3.68116228e-02],
       [-7.92039792e-18],
       [ 8.18505504e-02],
       [-1.35344588e-17],
       [-3.96242457e-18],
       [ 4.02038816e-02],
       [-2.65910062e-17],
       [-1.54754958e-17],
       [-2.04255837e-18],
       [-2.33272351e-02],
       [-1.11967711e-02],
       [-1.32311470e-18],
       [-1.35197050e-17],
       [ 3.65445938e-02],
       [-1.95746455e-18],
       [-2.23663573e-18],
       [-8.63989684e-18],
       [-1.14020126e-18],
       [-1.44146087e-18],
       [ 2.78954180e-02],
       [-1.84873309e-17],
       [-6.50769297e-18],
       [-1.46415436e-17],
       [-1.31438357e-02],
       [ 9.89597090e-02],
       [ 1.15184389e-02],
       [-1.68831146e-17],
       [-5.95821339e-18],
       [-1.61258192e-17],
       [ 7.66274299e-02],
       [-5.93002685e-18],
       [-3.62814957e-18],
       [-1.26225436e-19],
       [ 4.48493436e-02],
       [-1.86973312e-03],
       [ 6.07752201e-02],
       [-4.45965170e-18],
       [ 9.33921903e-03],
       [ 6.33635894e-02],
       [-7.22203709e-02],
       [-6.27727674e-18],
       [ 3.42847112e-02]]), array([[-0.03915981],
       [ 0.09791508],
       [-0.03198766],
       [-0.03416043],
       [ 0.03740533],
       [ 0.09098147],
       [ 0.00025467],
       [ 0.05146294],
       [-0.15070065],
       [-0.02201094]])],net.linear:[array([0.]), array([[-1.38267787e-17],
       [ 1.30959440e+00],
       [ 1.78564318e+00],
       [-6.04939393e-18],
       [-7.58327966e-18],
       [-2.23612227e-18],
       [ 1.38315194e-01],
       [-9.72429693e-18],
       [ 3.73037990e-01],
       [-7.90345340e-18],
       [ 3.06630739e-02],
       [-1.35422391e-17],
       [-3.96168828e-18],
       [ 2.63798396e+00],
       [-2.66034358e-17],
       [-1.54592070e-17],
       [-2.04185151e-18],
       [ 2.63436350e+00],
       [ 2.02548143e+00],
       [-1.32415502e-18],
       [-1.35168935e-17],
       [ 1.15661104e+00],
       [-1.96932673e-18],
       [-2.22639851e-18],
       [-8.62993599e-18],
       [-1.13593173e-18],
       [-1.44608693e-18],
       [ 5.80886033e-01],
       [-1.85028118e-17],
       [-6.52534451e-18],
       [-1.46365598e-17],
       [ 1.32042721e+00],
       [ 4.14829111e+00],
       [ 2.84416311e+00],
       [-1.69020438e-17],
       [-5.96717046e-18],
       [-1.61372632e-17],
       [ 3.75396196e-01],
       [-5.93608586e-18],
       [-3.63058077e-18],
       [-1.25228048e-19],
       [ 3.81250939e-01],
       [ 1.94175558e+00],
       [-3.65983829e-01],
       [-4.46967545e-18],
       [ 4.74001282e-01],
       [ 4.47814790e-01],
       [ 2.94948992e+00],
       [-6.30035150e-18],
       [ 1.38575330e+00]]), array([[-0.42427102],
       [ 0.17768832],
       [-0.67970916],
       [-0.86448975],
       [-1.1921448 ],
       [ 2.45600468],
       [ 0.3136226 ],
       [-3.22870877],
       [ 3.91829795],
       [-0.47629006]])],net.nuerons:[array([[0.        ],
       [0.        ],
       [0.        ],
       [0.        ],
       [0.        ],
       [0.        ],
       [0.        ],
       [0.        ],
       [0.        ],
       [0.        ],
       [0.        ],
       [0.        ],
       [0.        ],
       [0.        ],
       [0.        ],
       [0.        ],
       [0.        ],
       [0.        ],
       [0.        ],
       [0.        ],
       [0.        ],
       [0.        ],
       [0.        ],
       [0.        ],
       [0.        ],
       [0.        ],
       [0.        ],
       [0.        ],
       [0.        ],
       [0.        ],
       [0.        ],
       [0.        ],
       [0.        ],
       [0.        ],
       [0.        ],
       [0.        ],
       [0.        ],
       [0.        ],
       [0.        ],
       [0.        ],
       [0.        ],
       [0.        ],
       [0.        ],
       [0.        ],
       [0.        ],
       [0.        ],
       [0.        ],
       [0.        ],
       [0.        ],
       [0.        ],
       [0.        ],
       [0.        ],
       [0.        ],
       [0.        ],
       [0.        ],
       [0.        ],
       [0.        ],
       [0.        ],
       [0.        ],
       [0.        ],
       [0.        ],
       [0.        ],
       [0.        ],
       [0.        ],
       [0.        ],
       [0.        ],
       [0.        ],
       [0.        ],
       [0.        ],
       [0.        ],
       [0.        ],
       [0.        ],
       [0.        ],
       [0.        ],
       [0.        ],
       [0.        ],
       [0.        ],
       [0.        ],
       [0.        ],
       [0.        ],
       [0.        ],
       [0.        ],
       [0.        ],
       [0.        ],
       [0.        ],
       [0.        ],
       [0.        ],
       [0.        ],
       [0.        ],
       [0.        ],
       [0.        ],
       [0.        ],
       [0.        ],
       [0.        ],
       [0.        ],
       [0.        ],
       [0.        ],
       [0.        ],
       [0.        ],
       [0.        ],
       [0.        ],
       [0.        ],
       [0.        ],
       [0.        ],
       [0.        ],
       [0.        ],
       [0.        ],
       [0.        ],
       [0.        ],
       [0.        ],
       [0.        ],
       [0.        ],
       [0.        ],
       [0.        ],
       [0.        ],
       [0.        ],
       [0.        ],
       [0.        ],
       [0.        ],
       [0.        ],
       [0.        ],
       [0.        ],
       [0.        ],
       [0.        ],
       [0.        ],
       [0.        ],
       [0.        ],
       [0.        ],
       [0.        ],
       [0.        ],
       [0.        ],
       [0.        ],
       [0.        ],
       [0.        ],
       [0.        ],
       [0.        ],
       [0.        ],
       [0.        ],
       [0.        ],
       [0.        ],
       [0.        ],
       [0.        ],
       [0.        ],
       [0.        ],
       [0.        ],
       [0.        ],
       [0.        ],
       [0.        ],
       [0.        ],
       [0.        ],
       [0.        ],
       [0.        ],
       [0.        ],
       [0.        ],
       [0.        ],
       [0.        ],
       [0.609375  ],
       [0.93359375],
       [0.87109375],
       [0.6953125 ],
       [0.23046875],
       [0.08984375],
       [0.        ],
       [0.        ],
       [0.        ],
       [0.        ],
       [0.        ],
       [0.        ],
       [0.        ],
       [0.        ],
       [0.        ],
       [0.        ],
       [0.        ],
       [0.        ],
       [0.        ],
       [0.        ],
       [0.        ],
       [0.        ],
       [0.        ],
       [0.        ],
       [0.        ],
       [0.        ],
       [0.04296875],
       [0.6640625 ],
       [0.9921875 ],
       [0.98828125],
       [0.98828125],
       [0.98828125],
       [0.98828125],
       [0.8984375 ],
       [0.3359375 ],
       [0.        ],
       [0.        ],
       [0.        ],
       [0.        ],
       [0.        ],
       [0.        ],
       [0.        ],
       [0.        ],
       [0.        ],
       [0.        ],
       [0.        ],
       [0.        ],
       [0.        ],
       [0.        ],
       [0.        ],
       [0.        ],
       [0.07421875],
       [0.3359375 ],
       [0.68359375],
       [0.84765625],
       [0.98828125],
       [0.9921875 ],
       [0.98828125],
       [0.98828125],
       [0.98828125],
       [0.98828125],
       [0.9921875 ],
       [0.96484375],
       [0.2109375 ],
       [0.        ],
       [0.        ],
       [0.        ],
       [0.        ],
       [0.        ],
       [0.        ],
       [0.        ],
       [0.        ],
       [0.        ],
       [0.        ],
       [0.        ],
       [0.        ],
       [0.        ],
       [0.        ],
       [0.        ],
       [0.4375    ],
       [0.98828125],
       [0.98828125],
       [0.98828125],
       [0.98828125],
       [0.75      ],
       [0.27734375],
       [0.07421875],
       [0.07421875],
       [0.51171875],
       [0.9921875 ],
       [0.98828125],
       [0.3046875 ],
       [0.        ],
       [0.        ],
       [0.        ],
       [0.        ],
       [0.        ],
       [0.        ],
       [0.        ],
       [0.        ],
       [0.        ],
       [0.        ],
       [0.        ],
       [0.        ],
       [0.        ],
       [0.        ],
       [0.4453125 ],
       [0.90234375],
       [0.98828125],
       [0.98828125],
       [0.92578125],
       [0.3125    ],
       [0.        ],
       [0.        ],
       [0.        ],
       [0.        ],
       [0.        ],
       [0.9921875 ],
       [0.98828125],
       [0.3046875 ],
       [0.        ],
       [0.        ],
       [0.        ],
       [0.        ],
       [0.        ],
       [0.        ],
       [0.        ],
       [0.        ],
       [0.        ],
       [0.        ],
       [0.        ],
       [0.        ],
       [0.        ],
       [0.09765625],
       [0.90234375],
       [0.99609375],
       [0.97265625],
       [0.64453125],
       [0.03125   ],
       [0.        ],
       [0.        ],
       [0.        ],
       [0.        ],
       [0.        ],
       [0.        ],
       [0.99609375],
       [0.94140625],
       [0.1171875 ],
       [0.        ],
       [0.        ],
       [0.        ],
       [0.        ],
       [0.        ],
       [0.        ],
       [0.        ],
       [0.        ],
       [0.        ],
       [0.        ],
       [0.        ],
       [0.        ],
       [0.        ],
       [0.50390625],
       [0.98828125],
       [0.8828125 ],
       [0.34375   ],
       [0.        ],
       [0.04296875],
       [0.078125  ],
       [0.03125   ],
       [0.        ],
       [0.        ],
       [0.        ],
       [0.        ],
       [0.53125   ],
       [0.34375   ],
       [0.        ],
       [0.        ],
       [0.        ],
       [0.        ],
       [0.        ],
       [0.        ],
       [0.        ],
       [0.        ],
       [0.        ],
       [0.        ],
       [0.        ],
       [0.        ],
       [0.        ],
       [0.        ],
       [0.9140625 ],
       [0.98828125],
       [0.76171875],
       [0.        ],
       [0.        ],
       [0.796875  ],
       [0.98828125],
       [0.71484375],
       [0.046875  ],
       [0.        ],
       [0.        ],
       [0.        ],
       [0.        ],
       [0.        ],
       [0.        ],
       [0.        ],
       [0.        ],
       [0.        ],
       [0.        ],
       [0.        ],
       [0.        ],
       [0.        ],
       [0.        ],
       [0.        ],
       [0.        ],
       [0.        ],
       [0.        ],
       [0.        ],
       [0.70703125],
       [0.98828125],
       [0.97265625],
       [0.73828125],
       [0.796875  ],
       [0.98046875],
       [0.98828125],
       [0.9921875 ],
       [0.4453125 ],
       [0.        ],
       [0.        ],
       [0.        ],
       [0.        ],
       [0.        ],
       [0.        ],
       [0.        ],
       [0.        ],
       [0.        ],
       [0.        ],
       [0.        ],
       [0.        ],
       [0.        ],
       [0.        ],
       [0.        ],
       [0.        ],
       [0.        ],
       [0.        ],
       [0.        ],
       [0.125     ],
       [0.6640625 ],
       [0.9921875 ],
       [0.98828125],
       [0.98828125],
       [0.98828125],
       [0.98828125],
       [0.66796875],
       [0.03515625],
       [0.        ],
       [0.        ],
       [0.        ],
       [0.        ],
       [0.        ],
       [0.        ],
       [0.        ],
       [0.        ],
       [0.        ],
       [0.        ],
       [0.        ],
       [0.        ],
       [0.        ],
       [0.        ],
       [0.        ],
       [0.        ],
       [0.        ],
       [0.        ],
       [0.        ],
       [0.        ],
       [0.23828125],
       [0.99609375],
       [0.9921875 ],
       [0.9921875 ],
       [0.9921875 ],
       [0.51953125],
       [0.        ],
       [0.        ],
       [0.        ],
       [0.        ],
       [0.        ],
       [0.        ],
       [0.        ],
       [0.        ],
       [0.        ],
       [0.        ],
       [0.        ],
       [0.        ],
       [0.        ],
       [0.        ],
       [0.        ],
       [0.        ],
       [0.        ],
       [0.        ],
       [0.        ],
       [0.        ],
       [0.        ],
       [0.015625  ],
       [0.57421875],
       [0.9921875 ],
       [0.98828125],
       [0.98828125],
       [0.98828125],
       [0.2578125 ],
       [0.        ],
       [0.        ],
       [0.        ],
       [0.        ],
       [0.        ],
       [0.        ],
       [0.        ],
       [0.        ],
       [0.        ],
       [0.        ],
       [0.        ],
       [0.        ],
       [0.        ],
       [0.        ],
       [0.        ],
       [0.        ],
       [0.        ],
       [0.        ],
       [0.        ],
       [0.        ],
       [0.        ],
       [0.41796875],
       [0.98828125],
       [0.9921875 ],
       [0.98828125],
       [0.98828125],
       [0.98828125],
       [0.87109375],
       [0.265625  ],
       [0.        ],
       [0.        ],
       [0.        ],
       [0.        ],
       [0.        ],
       [0.        ],
       [0.        ],
       [0.        ],
       [0.        ],
       [0.        ],
       [0.        ],
       [0.        ],
       [0.        ],
       [0.        ],
       [0.        ],
       [0.        ],
       [0.        ],
       [0.        ],
       [0.        ],
       [0.109375  ],
       [0.8984375 ],
       [0.98828125],
       [0.9921875 ],
       [0.65234375],
       [0.19140625],
       [0.94921875],
       [0.98828125],
       [0.76953125],
       [0.0234375 ],
       [0.        ],
       [0.        ],
       [0.        ],
       [0.        ],
       [0.        ],
       [0.        ],
       [0.        ],
       [0.        ],
       [0.        ],
       [0.        ],
       [0.        ],
       [0.        ],
       [0.        ],
       [0.        ],
       [0.        ],
       [0.        ],
       [0.        ],
       [0.        ],
       [0.68359375],
       [0.98828125],
       [0.98828125],
       [0.8125    ],
       [0.03515625],
       [0.        ],
       [0.4765625 ],
       [0.98828125],
       [0.9921875 ],
       [0.4453125 ],
       [0.        ],
       [0.        ],
       [0.        ],
       [0.        ],
       [0.        ],
       [0.        ],
       [0.        ],
       [0.        ],
       [0.        ],
       [0.        ],
       [0.        ],
       [0.        ],
       [0.        ],
       [0.        ],
       [0.        ],
       [0.        ],
       [0.        ],
       [0.        ],
       [0.6875    ],
       [0.9921875 ],
       [0.90234375],
       [0.1484375 ],
       [0.        ],
       [0.        ],
       [0.62109375],
       [0.9921875 ],
       [0.99609375],
       [0.53125   ],
       [0.        ],
       [0.        ],
       [0.        ],
       [0.        ],
       [0.        ],
       [0.        ],
       [0.        ],
       [0.        ],
       [0.        ],
       [0.        ],
       [0.        ],
       [0.        ],
       [0.        ],
       [0.        ],
       [0.        ],
       [0.        ],
       [0.        ],
       [0.        ],
       [0.68359375],
       [0.98828125],
       [0.60546875],
       [0.        ],
       [0.0078125 ],
       [0.1953125 ],
       [0.94921875],
       [0.98828125],
       [0.9921875 ],
       [0.5       ],
       [0.        ],
       [0.        ],
       [0.        ],
       [0.        ],
       [0.        ],
       [0.        ],
       [0.        ],
       [0.        ],
       [0.        ],
       [0.        ],
       [0.        ],
       [0.        ],
       [0.        ],
       [0.        ],
       [0.        ],
       [0.        ],
       [0.        ],
       [0.        ],
       [0.68359375],
       [0.98828125],
       [0.87109375],
       [0.3984375 ],
       [0.70703125],
       [0.98828125],
       [0.98828125],
       [0.98828125],
       [0.71484375],
       [0.046875  ],
       [0.        ],
       [0.        ],
       [0.        ],
       [0.        ],
       [0.        ],
       [0.        ],
       [0.        ],
       [0.        ],
       [0.        ],
       [0.        ],
       [0.        ],
       [0.        ],
       [0.        ],
       [0.        ],
       [0.        ],
       [0.        ],
       [0.        ],
       [0.        ],
       [0.68359375],
       [0.98828125],
       [0.98828125],
       [0.9921875 ],
       [0.98828125],
       [0.98828125],
       [0.98828125],
       [0.57421875],
       [0.17578125],
       [0.        ],
       [0.        ],
       [0.        ],
       [0.        ],
       [0.        ],
       [0.        ],
       [0.        ],
       [0.        ],
       [0.        ],
       [0.        ],
       [0.        ],
       [0.        ],
       [0.        ],
       [0.        ],
       [0.        ],
       [0.        ],
       [0.        ],
       [0.        ],
       [0.        ],
       [0.16015625],
       [0.578125  ],
       [0.8984375 ],
       [0.9921875 ],
       [0.95703125],
       [0.60546875],
       [0.25390625],
       [0.0546875 ],
       [0.        ],
       [0.        ],
       [0.        ],
       [0.        ],
       [0.        ],
       [0.        ],
       [0.        ],
       [0.        ],
       [0.        ],
       [0.        ],
       [0.        ],
       [0.        ],
       [0.        ],
       [0.        ],
       [0.        ],
       [0.        ],
       [0.        ],
       [0.        ],
       [0.        ],
       [0.        ],
       [0.        ],
       [0.        ],
       [0.        ],
       [0.        ],
       [0.        ],
       [0.        ],
       [0.        ],
       [0.        ],
       [0.        ],
       [0.        ],
       [0.        ],
       [0.        ],
       [0.        ],
       [0.        ],
       [0.        ],
       [0.        ],
       [0.        ],
       [0.        ],
       [0.        ],
       [0.        ],
       [0.        ],
       [0.        ],
       [0.        ],
       [0.        ],
       [0.        ],
       [0.        ],
       [0.        ],
       [0.        ],
       [0.        ],
       [0.        ],
       [0.        ],
       [0.        ],
       [0.        ],
       [0.        ],
       [0.        ],
       [0.        ],
       [0.        ],
       [0.        ],
       [0.        ],
       [0.        ],
       [0.        ],
       [0.        ],
       [0.        ],
       [0.        ],
       [0.        ],
       [0.        ],
       [0.        ],
       [0.        ],
       [0.        ],
       [0.        ],
       [0.        ],
       [0.        ],
       [0.        ],
       [0.        ],
       [0.        ],
       [0.        ],
       [0.        ],
       [0.        ],
       [0.        ],
       [0.        ],
       [0.        ],
       [0.        ],
       [0.        ],
       [0.        ],
       [0.        ],
       [0.        ],
       [0.        ],
       [0.        ],
       [0.        ],
       [0.        ],
       [0.        ],
       [0.        ],
       [0.        ],
       [0.        ],
       [0.        ],
       [0.        ]], dtype=float32), array([[0.        ],
       [1.3095944 ],
       [1.78564318],
       [0.        ],
       [0.        ],
       [0.        ],
       [0.13831519],
       [0.        ],
       [0.37303799],
       [0.        ],
       [0.03066307],
       [0.        ],
       [0.        ],
       [2.63798396],
       [0.        ],
       [0.        ],
       [0.        ],
       [2.6343635 ],
       [2.02548143],
       [0.        ],
       [0.        ],
       [1.15661104],
       [0.        ],
       [0.        ],
       [0.        ],
       [0.        ],
       [0.        ],
       [0.58088603],
       [0.        ],
       [0.        ],
       [0.        ],
       [1.32042721],
       [4.14829111],
       [2.84416311],
       [0.        ],
       [0.        ],
       [0.        ],
       [0.3753962 ],
       [0.        ],
       [0.        ],
       [0.        ],
       [0.38125094],
       [1.94175558],
       [0.        ],
       [0.        ],
       [0.47400128],
       [0.44781479],
       [2.94948992],
       [0.        ],
       [1.3857533 ]]), array([[9.75290262e-03],
       [1.78058006e-02],
       [7.55437453e-03],
       [6.27985073e-03],
       [4.52533299e-03],
       [1.73788778e-01],
       [2.03984429e-02],
       [5.90448533e-04],
       [7.50045533e-01],
       [9.25853570e-03]])]