net.weights:[array([0.]), array([[-7.09787946e-168,  4.88738233e-168,  4.98347820e-168, ...,
         5.55965378e-168, -1.98248202e-168, -1.05299077e-167],
       [-1.33173412e-169,  5.84035168e-169, -1.00070780e-167, ...,
         1.08448558e-167, -6.76174834e-168,  8.65988028e-169],
       [ 7.63878671e-168,  1.68805379e-168, -2.11611744e-168, ...,
         9.02263871e-168,  2.08228932e-168,  9.33890547e-169],
       ...,
       [-5.00189595e-168,  8.95926305e-168,  1.02525164e-167, ...,
         2.73847248e-169, -7.77381318e-168, -1.23936076e-168],
       [ 3.06494762e-168, -8.26506685e-169,  8.36296886e-168, ...,
        -2.22436666e-168,  5.24877078e-168,  4.81621374e-168],
       [ 8.53615858e-168, -2.60688253e-168,  5.64945348e-168, ...,
        -6.93336455e-168,  6.70857057e-168, -4.43433604e-168]]), array([[ 1.05009651e-001,  7.70073797e-002, -1.30574410e-168,
         1.63028009e-168,  1.66141232e-001, -2.50506261e-168,
         5.32938012e-168, -3.10803904e-001,  8.26019565e-002,
         2.59293004e-001,  1.88110534e-168, -4.14225136e-002,
        -9.62992699e-002,  9.44197844e-002, -7.15617543e-002,
         3.04124004e-168, -6.04383591e-168,  4.90931473e-168,
         1.17581673e-001,  1.17752091e-168,  1.06747339e-001,
        -2.34203669e-169,  8.43681899e-168,  5.04404801e-169,
         2.60862763e-168, -4.93747477e-169,  6.93608819e-168,
         4.96371049e-168,  4.26326480e-168, -9.06127577e-168,
        -6.55141720e-168,  2.08108043e-001,  2.32795462e-168,
         3.44343886e-002, -3.64251442e-168,  9.93655870e-168,
        -1.94965364e-168, -1.50599697e-001, -3.95249008e-005,
         1.27822022e-001, -4.99053752e-168,  1.63739257e-167,
         1.18784850e-168,  6.99619360e-004,  2.23440081e-168,
        -1.20684742e-002,  1.50949196e-168, -3.61447272e-169,
        -3.55788418e-168, -2.07071208e-168],
       [-8.99660793e-002, -2.78163286e-002,  1.72015107e-169,
        -1.16654324e-168, -6.02866061e-002,  1.31201480e-168,
         9.86469016e-169,  4.35869364e-001, -3.00010989e-002,
        -1.91343632e-001, -6.96885415e-168, -1.08327202e-001,
        -1.42661354e-001, -3.35240120e-002, -8.54247067e-002,
         4.58328195e-168, -4.12891970e-168,  7.11072101e-168,
        -9.84698402e-002, -3.40537510e-168, -9.14739361e-002,
         1.08306015e-167,  9.29412505e-168,  3.85399343e-168,
         1.27758161e-167, -2.83227208e-168,  2.88217808e-168,
         3.13967954e-168, -1.51712806e-168,  1.83901937e-168,
         1.17145842e-168, -1.01802033e-001, -2.13108940e-169,
        -2.90578321e-002,  9.01094478e-168, -4.62229870e-168,
        -1.71141876e-168, -1.79511788e-001, -2.28387725e-002,
        -1.00622175e-001, -3.98690163e-168,  5.73146951e-169,
        -4.02362063e-168, -6.75142168e-002, -2.78706756e-169,
        -3.44370138e-002,  9.16015408e-168,  6.16378110e-168,
        -3.17480507e-168,  8.03690712e-168],
       [ 1.37212319e-001, -1.79537474e-002, -3.46446352e-168,
         9.37038952e-168, -3.89375303e-002,  8.05762279e-168,
        -2.58694138e-168,  1.38489442e-001, -1.93234107e-002,
        -5.91284232e-002, -1.76010430e-168,  1.36201325e-001,
        -1.31520160e-001, -2.17898876e-002, -6.69135553e-002,
        -6.83170345e-168, -6.00185877e-168, -8.52949135e-168,
         1.48611452e-001,  2.11336787e-169,  1.39550341e-001,
         3.48292029e-169,  5.97133501e-168, -3.61449609e-168,
        -2.51319349e-168,  4.61524180e-168,  4.93375940e-170,
        -1.80725567e-168, -9.77266225e-169,  1.78832112e-168,
        -8.61413841e-169, -5.08405934e-002,  7.24677927e-168,
         4.39756981e-002,  6.30205194e-168, -6.59826661e-168,
        -2.78096510e-168, -1.40741017e-001, -4.07380655e-003,
        -2.90704830e-002, -1.26388355e-167,  7.74509166e-168,
        -1.01264074e-167, -1.03941667e-002,  1.54920807e-168,
         4.50323362e-002, -2.15524790e-168,  3.20703328e-168,
        -4.81598682e-168,  3.10682202e-168],
       [-7.38586856e-002, -1.64868314e-002,  1.12136814e-167,
        -4.84609936e-168, -2.56491097e-002, -1.04596547e-167,
         3.10805917e-168,  1.21266152e-001, -1.79699309e-002,
         2.15921418e-001, -1.07268803e-168, -1.07629408e-001,
        -1.27178746e-001, -1.97168476e-002, -5.61819942e-002,
        -7.02715457e-168, -3.16923769e-168, -4.95778227e-168,
        -8.08237174e-002,  3.26662571e-169, -7.51279002e-002,
         2.06447984e-168,  2.06177882e-168,  3.26217818e-168,
        -1.76573866e-168, -8.98889296e-168,  1.28874073e-167,
        -2.38318832e-168,  2.89823030e-168,  4.34551689e-168,
         4.67297130e-168,  4.44160295e-002,  3.27308601e-169,
        -2.38590107e-002,  9.83763818e-169,  5.18292063e-168,
         2.50399015e-168, -1.18104672e-001,  4.57923836e-002,
         1.20070120e-001,  3.32956417e-168,  5.75832233e-168,
        -3.15057908e-168,  1.35019412e-001, -7.42799758e-168,
        -3.40280788e-002,  6.23680793e-168, -8.42982065e-168,
         1.01269646e-167, -1.50960066e-168],
       [-7.28983165e-003, -2.32673722e-002, -1.26719553e-167,
        -6.40862715e-168, -5.00020656e-002, -8.01458455e-168,
         1.76975812e-168, -2.06817473e-001, -2.51002326e-002,
        -1.49485298e-001, -3.28535076e-168,  1.29222620e-001,
         2.70757845e-001, -2.77963012e-002,  1.03371828e-001,
         8.10395837e-168,  6.86204014e-168,  1.09869167e-167,
        -9.22954952e-003,  1.64335642e-168, -7.39995768e-003,
         8.11776492e-168,  1.64023527e-168,  3.36238667e-170,
         2.33283874e-168,  3.03960685e-168, -4.58920226e-168,
        -5.63417284e-168, -9.18292278e-168,  2.88944910e-168,
        -1.47473721e-168, -8.72961900e-002, -4.57625207e-169,
        -2.57291048e-003,  5.32337152e-168,  4.86971124e-168,
        -2.61654221e-168,  2.17329281e-001, -1.03202166e-002,
        -7.72076078e-002,  2.91589807e-169,  4.04757028e-168,
        -1.57696324e-168, -3.10243507e-002, -2.28670985e-168,
         3.95040224e-002,  6.59708281e-168, -2.17834879e-168,
        -2.15016746e-168,  3.32810743e-168],
       [-5.43382987e-002,  1.50276337e-002, -3.03985830e-168,
         9.38701003e-169,  4.15859414e-002,  3.95625853e-168,
        -2.28526965e-168, -5.31445669e-002,  1.56984873e-002,
         1.79189413e-001, -7.46049118e-168, -8.18859894e-002,
         3.03073748e-002,  1.94881740e-002, -3.93522009e-002,
        -1.23783866e-168,  9.86943430e-168,  6.89454822e-168,
        -5.85359235e-002, -8.61026143e-170, -5.52762116e-002,
        -1.89227249e-168,  1.63444911e-168, -3.46055400e-168,
        -3.47220127e-168,  4.13913164e-168,  1.87664271e-168,
         8.35028207e-169, -2.43897643e-168,  2.35803699e-168,
        -9.00634027e-168,  8.77495071e-002, -3.86071067e-168,
        -1.73593384e-002,  5.86526341e-169, -2.27519703e-168,
         2.11010957e-168, -8.26263931e-002,  2.02585053e-002,
         9.40313788e-002, -3.22625195e-168,  2.62570900e-168,
        -6.49187693e-169,  5.90958677e-002, -2.45942177e-168,
        -2.63534243e-002, -3.21410696e-168, -3.36736590e-168,
        -7.88949144e-168, -7.53024761e-169],
       [ 1.56274347e-001, -1.20144428e-002, -6.51622906e-168,
        -2.83379168e-168, -2.04009176e-002,  6.70598970e-168,
        -7.49701344e-169, -8.89132093e-002, -1.34263389e-002,
        -1.19172241e-001,  6.62613432e-169,  2.32947066e-001,
         2.05088408e-001, -1.27656778e-002, -1.01620439e-001,
        -4.34133052e-168,  1.26145117e-168,  4.74649015e-168,
         1.70135334e-001,  3.42166516e-168,  1.58931374e-001,
         1.03666310e-167, -2.47401123e-168, -4.18772486e-168,
        -5.14120331e-169,  1.47664318e-168, -6.03903028e-168,
         6.23205068e-168,  5.17368742e-168,  8.88036355e-168,
         6.76214114e-168, -5.33901766e-002, -8.27178043e-168,
         5.02977657e-002,  2.74711956e-168,  8.47118261e-168,
         5.15902592e-169, -2.13763538e-001, -1.88146112e-002,
        -6.39848002e-002, -4.77853408e-168, -3.00135916e-168,
        -1.31762149e-168, -5.57237176e-002,  6.16919252e-168,
         7.39971447e-002,  7.15548963e-168,  1.08992561e-169,
         7.30747459e-168,  4.82807052e-168],
       [-7.48172817e-002,  2.49073704e-002,  1.54521372e-168,
         1.28400921e-167,  2.76324308e-002, -1.90830811e-169,
        -7.65294014e-169, -1.14629821e-001,  2.83694809e-002,
        -9.64487424e-002, -7.19282551e-169, -1.35872376e-001,
        -1.83208018e-001,  2.53748719e-002,  2.05581699e-001,
        -9.49054809e-169,  6.29894888e-168, -3.69249596e-168,
        -8.12702214e-002, -5.91163829e-168, -7.60742249e-002,
        -1.29044721e-167,  6.79071792e-169,  4.78944582e-168,
         3.16904177e-168, -6.65230514e-168, -3.53617259e-168,
         1.10168852e-168, -6.89527462e-168,  8.59541926e-168,
        -2.46346946e-168, -4.46024487e-003, -1.70218669e-168,
        -2.40361304e-002, -1.43363399e-168,  8.35349391e-169,
        -1.29866166e-168,  4.32354489e-001, -1.68010065e-002,
        -5.33459372e-002,  1.72709662e-168,  1.04748591e-167,
        -3.36083363e-168, -4.93101717e-002, -3.62278699e-169,
        -4.27567428e-002,  6.98378924e-168, -3.63941771e-169,
         1.64142958e-168,  3.57018320e-168],
       [-3.40081025e-002, -4.51235861e-003, -1.33491441e-167,
        -2.04637741e-168, -2.87203700e-003,  3.73279332e-168,
         2.58922212e-168,  2.10294259e-001, -5.17141890e-003,
         7.76794614e-002,  7.51306783e-169, -8.69367861e-003,
         6.58398135e-002, -4.67726434e-003, -3.73587076e-003,
         3.46705719e-168, -1.54644724e-168,  3.82207745e-168,
        -3.74884017e-002, -8.28980937e-168, -3.45795897e-002,
         2.94085409e-169,  1.92710133e-168,  6.69658952e-168,
         4.16238745e-168, -1.60130225e-168,  7.16147711e-168,
         1.00694004e-168,  4.25293844e-168, -2.89515951e-168,
         2.38952781e-168,  2.14082595e-002,  6.22057059e-168,
        -1.10590408e-002, -6.52113837e-168, -5.55919428e-168,
        -2.78850407e-169, -7.83957538e-003,  1.45939535e-002,
         4.27360916e-002, -3.75767128e-168, -5.68288862e-169,
         7.24438981e-168,  4.27241520e-002, -8.46575874e-168,
        -3.20291038e-003,  7.01308643e-168, -3.75048305e-168,
         3.37851383e-168,  9.82553385e-168],
       [-6.42180377e-002, -1.48913029e-002,  5.62262964e-169,
         2.39371613e-168, -3.72113382e-002, -2.97440006e-168,
        -5.67350885e-169, -1.31610243e-001, -1.56774939e-002,
        -1.16504959e-001, -3.14612372e-168, -1.45398427e-002,
         1.08874106e-001, -1.90128400e-002,  1.15836994e-001,
        -1.42126811e-167, -3.24599956e-168, -6.19818553e-168,
        -7.05108048e-002, -6.10462255e-169, -6.52972328e-002,
         4.51954155e-168, -9.29271471e-168, -4.26243973e-169,
        -6.57132555e-168, -2.42051962e-168, -1.05945144e-168,
         1.03494501e-168, -1.67675794e-167,  3.20783264e-168,
         3.55250462e-168, -6.38926015e-002, -1.72682540e-168,
        -2.07635894e-002, -1.68847283e-168,  3.79759239e-168,
         2.59294146e-168,  2.43502910e-001, -7.75690412e-003,
        -6.04286089e-002,  1.26564458e-167,  5.56795392e-168,
         2.27374449e-168, -2.35724280e-002, -3.37509056e-168,
        -5.68685901e-003,  5.43614320e-168,  2.15533541e-168,
        -3.42885713e-168,  3.16917953e-168]])],net.biases:[array([0.]), array([[ 5.98906549e-003],
       [ 4.52127237e-003],
       [-3.62023859e-165],
       [-3.22806064e-164],
       [ 8.17306783e-003],
       [-1.22344187e-164],
       [-8.25562980e-164],
       [ 6.12054612e-002],
       [ 4.97533987e-003],
       [ 3.42203641e-004],
       [-5.18393971e-164],
       [ 1.21129664e-002],
       [ 2.43651909e-002],
       [ 5.27457962e-003],
       [ 2.49088166e-002],
       [-4.62273548e-164],
       [-1.97186410e-164],
       [-7.64902989e-164],
       [ 6.56146791e-003],
       [-4.47588543e-164],
       [ 6.09192530e-003],
       [-4.76090166e-164],
       [-3.23121161e-164],
       [-4.24569579e-166],
       [-1.78435713e-164],
       [-1.00831725e-163],
       [-7.59481064e-164],
       [-2.83182694e-164],
       [-2.41153673e-164],
       [-3.83903182e-164],
       [-5.61398029e-164],
       [ 6.18617599e-003],
       [-3.17072423e-164],
       [ 1.92809777e-003],
       [-6.04441635e-165],
       [-7.87625653e-164],
       [-1.03435878e-164],
       [ 5.24311597e-002],
       [-9.52307420e-004],
       [-1.51288527e-004],
       [-1.37886269e-164],
       [-7.49459666e-165],
       [-2.60656013e-164],
       [-2.89958713e-003],
       [-4.50840673e-164],
       [ 3.77509507e-003],
       [-1.99837485e-164],
       [-4.63887793e-165],
       [-5.58222473e-164],
       [-6.02064799e-164]]), array([[-0.03583062],
       [ 0.05920768],
       [-0.03440524],
       [-0.03206445],
       [ 0.02944268],
       [ 0.02032593],
       [-0.00442744],
       [ 0.03446002],
       [-0.03025706],
       [-0.00645149]])],net.linear:[array([0.]), array([[ 1.23531918e+000],
       [ 9.75190186e-002],
       [-3.56051020e-165],
       [-3.24423725e-164],
       [ 2.70006094e-001],
       [-1.22361707e-164],
       [-8.29509032e-164],
       [ 8.31053799e-001],
       [ 1.01184591e-001],
       [ 7.80722976e-001],
       [-5.21229971e-164],
       [ 1.85497024e+000],
       [ 2.18954420e+000],
       [ 1.32958575e-001],
       [ 1.65993263e-002],
       [-4.64343304e-164],
       [-1.97538413e-164],
       [-7.69105821e-164],
       [ 1.34572342e+000],
       [-4.49651564e-164],
       [ 1.25622676e+000],
       [-4.78071675e-164],
       [-3.24874991e-164],
       [-5.69108524e-166],
       [-1.78914579e-164],
       [-1.01384027e-163],
       [-7.63184403e-164],
       [-2.85149548e-164],
       [-2.42676317e-164],
       [-3.85529124e-164],
       [-5.63905082e-164],
       [ 4.05366780e-001],
       [-3.18674694e-164],
       [ 3.97515718e-001],
       [-6.05308936e-165],
       [-7.91028379e-164],
       [-1.03701898e-164],
       [ 3.40435752e-002],
       [ 8.44278619e-002],
       [ 4.11678161e-001],
       [-1.38894742e-164],
       [-7.50743385e-165],
       [-2.62236149e-164],
       [ 2.47847259e-001],
       [-4.53640324e-164],
       [ 5.87340924e-001],
       [-2.00491455e-164],
       [-4.68441038e-165],
       [-5.60890192e-164],
       [-6.05364519e-164]]), array([[ 0.26076895],
       [-0.76324463],
       [ 0.53544944],
       [-0.46408257],
       [ 0.49693815],
       [-0.10263455],
       [ 1.28146179],
       [-1.11990906],
       [ 0.21922915],
       [-0.34397667]])],net.nuerons:[array([[0.        ],
       [0.        ],
       [0.        ],
       [0.        ],
       [0.        ],
       [0.        ],
       [0.        ],
       [0.        ],
       [0.        ],
       [0.        ],
       [0.        ],
       [0.        ],
       [0.        ],
       [0.        ],
       [0.        ],
       [0.        ],
       [0.        ],
       [0.        ],
       [0.        ],
       [0.        ],
       [0.        ],
       [0.        ],
       [0.        ],
       [0.        ],
       [0.        ],
       [0.        ],
       [0.        ],
       [0.        ],
       [0.        ],
       [0.        ],
       [0.        ],
       [0.        ],
       [0.        ],
       [0.        ],
       [0.        ],
       [0.        ],
       [0.        ],
       [0.        ],
       [0.        ],
       [0.        ],
       [0.        ],
       [0.        ],
       [0.        ],
       [0.        ],
       [0.        ],
       [0.        ],
       [0.        ],
       [0.        ],
       [0.        ],
       [0.        ],
       [0.        ],
       [0.        ],
       [0.        ],
       [0.        ],
       [0.        ],
       [0.        ],
       [0.        ],
       [0.        ],
       [0.        ],
       [0.        ],
       [0.        ],
       [0.        ],
       [0.        ],
       [0.        ],
       [0.        ],
       [0.        ],
       [0.        ],
       [0.        ],
       [0.        ],
       [0.        ],
       [0.        ],
       [0.        ],
       [0.        ],
       [0.        ],
       [0.        ],
       [0.        ],
       [0.        ],
       [0.        ],
       [0.        ],
       [0.        ],
       [0.        ],
       [0.        ],
       [0.        ],
       [0.        ],
       [0.        ],
       [0.        ],
       [0.        ],
       [0.        ],
       [0.        ],
       [0.        ],
       [0.        ],
       [0.        ],
       [0.        ],
       [0.        ],
       [0.        ],
       [0.        ],
       [0.        ],
       [0.0703125 ],
       [0.6640625 ],
       [0.99609375],
       [0.69921875],
       [0.0859375 ],
       [0.        ],
       [0.        ],
       [0.        ],
       [0.        ],
       [0.        ],
       [0.        ],
       [0.        ],
       [0.        ],
       [0.        ],
       [0.        ],
       [0.        ],
       [0.        ],
       [0.        ],
       [0.        ],
       [0.        ],
       [0.        ],
       [0.        ],
       [0.        ],
       [0.        ],
       [0.        ],
       [0.        ],
       [0.        ],
       [0.0703125 ],
       [0.78125   ],
       [0.9921875 ],
       [0.9921875 ],
       [0.9921875 ],
       [0.27734375],
       [0.        ],
       [0.        ],
       [0.        ],
       [0.        ],
       [0.        ],
       [0.        ],
       [0.        ],
       [0.        ],
       [0.        ],
       [0.        ],
       [0.        ],
       [0.        ],
       [0.        ],
       [0.        ],
       [0.        ],
       [0.        ],
       [0.        ],
       [0.        ],
       [0.        ],
       [0.        ],
       [0.        ],
       [0.        ],
       [0.66015625],
       [0.9921875 ],
       [0.95703125],
       [0.765625  ],
       [0.9921875 ],
       [0.27734375],
       [0.        ],
       [0.        ],
       [0.        ],
       [0.        ],
       [0.        ],
       [0.        ],
       [0.        ],
       [0.        ],
       [0.        ],
       [0.        ],
       [0.        ],
       [0.        ],
       [0.        ],
       [0.        ],
       [0.        ],
       [0.        ],
       [0.        ],
       [0.        ],
       [0.        ],
       [0.        ],
       [0.0078125 ],
       [0.5       ],
       [0.98828125],
       [0.87890625],
       [0.171875  ],
       [0.1171875 ],
       [0.671875  ],
       [0.140625  ],
       [0.        ],
       [0.        ],
       [0.        ],
       [0.        ],
       [0.        ],
       [0.        ],
       [0.        ],
       [0.        ],
       [0.        ],
       [0.        ],
       [0.        ],
       [0.        ],
       [0.        ],
       [0.        ],
       [0.        ],
       [0.        ],
       [0.        ],
       [0.        ],
       [0.        ],
       [0.        ],
       [0.22265625],
       [0.9921875 ],
       [0.9921875 ],
       [0.3359375 ],
       [0.        ],
       [0.        ],
       [0.07421875],
       [0.        ],
       [0.        ],
       [0.        ],
       [0.        ],
       [0.        ],
       [0.        ],
       [0.        ],
       [0.        ],
       [0.        ],
       [0.        ],
       [0.        ],
       [0.        ],
       [0.        ],
       [0.        ],
       [0.        ],
       [0.        ],
       [0.        ],
       [0.        ],
       [0.        ],
       [0.        ],
       [0.06640625],
       [0.921875  ],
       [0.9921875 ],
       [0.7734375 ],
       [0.01953125],
       [0.        ],
       [0.        ],
       [0.        ],
       [0.        ],
       [0.        ],
       [0.        ],
       [0.        ],
       [0.        ],
       [0.        ],
       [0.        ],
       [0.        ],
       [0.        ],
       [0.        ],
       [0.        ],
       [0.        ],
       [0.        ],
       [0.        ],
       [0.        ],
       [0.        ],
       [0.        ],
       [0.        ],
       [0.        ],
       [0.        ],
       [0.328125  ],
       [0.9921875 ],
       [0.9921875 ],
       [0.125     ],
       [0.        ],
       [0.        ],
       [0.        ],
       [0.        ],
       [0.        ],
       [0.        ],
       [0.        ],
       [0.        ],
       [0.        ],
       [0.        ],
       [0.        ],
       [0.        ],
       [0.        ],
       [0.        ],
       [0.        ],
       [0.        ],
       [0.        ],
       [0.        ],
       [0.        ],
       [0.        ],
       [0.        ],
       [0.        ],
       [0.        ],
       [0.08984375],
       [0.91015625],
       [0.9921875 ],
       [0.78125   ],
       [0.0078125 ],
       [0.        ],
       [0.        ],
       [0.        ],
       [0.        ],
       [0.        ],
       [0.        ],
       [0.        ],
       [0.        ],
       [0.        ],
       [0.        ],
       [0.        ],
       [0.        ],
       [0.        ],
       [0.        ],
       [0.        ],
       [0.        ],
       [0.        ],
       [0.        ],
       [0.        ],
       [0.        ],
       [0.        ],
       [0.        ],
       [0.        ],
       [0.34375   ],
       [0.9921875 ],
       [0.984375  ],
       [0.265625  ],
       [0.        ],
       [0.        ],
       [0.        ],
       [0.        ],
       [0.        ],
       [0.        ],
       [0.        ],
       [0.        ],
       [0.        ],
       [0.        ],
       [0.        ],
       [0.        ],
       [0.        ],
       [0.        ],
       [0.        ],
       [0.        ],
       [0.        ],
       [0.        ],
       [0.        ],
       [0.        ],
       [0.        ],
       [0.        ],
       [0.        ],
       [0.        ],
       [0.671875  ],
       [0.9921875 ],
       [0.95703125],
       [0.        ],
       [0.        ],
       [0.        ],
       [0.        ],
       [0.1484375 ],
       [0.17578125],
       [0.17578125],
       [0.12109375],
       [0.        ],
       [0.        ],
       [0.        ],
       [0.        ],
       [0.        ],
       [0.        ],
       [0.        ],
       [0.        ],
       [0.        ],
       [0.        ],
       [0.        ],
       [0.        ],
       [0.        ],
       [0.        ],
       [0.        ],
       [0.        ],
       [0.        ],
       [0.8359375 ],
       [0.9921875 ],
       [0.66796875],
       [0.        ],
       [0.        ],
       [0.1171875 ],
       [0.61328125],
       [0.9609375 ],
       [0.9921875 ],
       [0.9921875 ],
       [0.9375    ],
       [0.51171875],
       [0.01171875],
       [0.        ],
       [0.        ],
       [0.        ],
       [0.        ],
       [0.        ],
       [0.        ],
       [0.        ],
       [0.        ],
       [0.        ],
       [0.        ],
       [0.        ],
       [0.        ],
       [0.        ],
       [0.        ],
       [0.        ],
       [0.8359375 ],
       [0.9921875 ],
       [0.60546875],
       [0.        ],
       [0.51171875],
       [0.9765625 ],
       [0.9921875 ],
       [0.93359375],
       [0.796875  ],
       [0.921875  ],
       [0.96875   ],
       [0.9921875 ],
       [0.3828125 ],
       [0.        ],
       [0.        ],
       [0.        ],
       [0.        ],
       [0.        ],
       [0.        ],
       [0.        ],
       [0.        ],
       [0.        ],
       [0.        ],
       [0.        ],
       [0.        ],
       [0.        ],
       [0.        ],
       [0.        ],
       [0.8359375 ],
       [0.9921875 ],
       [0.359375  ],
       [0.2421875 ],
       [0.98828125],
       [0.98828125],
       [0.484375  ],
       [0.05078125],
       [0.        ],
       [0.        ],
       [0.296875  ],
       [0.97265625],
       [0.93359375],
       [0.10546875],
       [0.        ],
       [0.        ],
       [0.        ],
       [0.        ],
       [0.        ],
       [0.        ],
       [0.        ],
       [0.        ],
       [0.        ],
       [0.        ],
       [0.        ],
       [0.        ],
       [0.        ],
       [0.        ],
       [0.8359375 ],
       [0.9921875 ],
       [0.6015625 ],
       [0.5625    ],
       [0.9921875 ],
       [0.30078125],
       [0.        ],
       [0.        ],
       [0.        ],
       [0.        ],
       [0.        ],
       [0.609375  ],
       [0.9921875 ],
       [0.48828125],
       [0.        ],
       [0.        ],
       [0.        ],
       [0.        ],
       [0.        ],
       [0.        ],
       [0.        ],
       [0.        ],
       [0.        ],
       [0.        ],
       [0.        ],
       [0.        ],
       [0.        ],
       [0.        ],
       [0.62109375],
       [0.9921875 ],
       [0.96484375],
       [0.4609375 ],
       [0.98828125],
       [0.06640625],
       [0.        ],
       [0.        ],
       [0.        ],
       [0.        ],
       [0.        ],
       [0.609375  ],
       [0.9921875 ],
       [0.48828125],
       [0.        ],
       [0.        ],
       [0.        ],
       [0.        ],
       [0.        ],
       [0.        ],
       [0.        ],
       [0.        ],
       [0.        ],
       [0.        ],
       [0.        ],
       [0.        ],
       [0.        ],
       [0.        ],
       [0.171875  ],
       [0.9921875 ],
       [0.9921875 ],
       [0.81640625],
       [0.4375    ],
       [0.03125   ],
       [0.        ],
       [0.        ],
       [0.        ],
       [0.        ],
       [0.        ],
       [0.609375  ],
       [0.9921875 ],
       [0.2890625 ],
       [0.        ],
       [0.        ],
       [0.        ],
       [0.        ],
       [0.        ],
       [0.        ],
       [0.        ],
       [0.        ],
       [0.        ],
       [0.        ],
       [0.        ],
       [0.        ],
       [0.        ],
       [0.        ],
       [0.01953125],
       [0.578125  ],
       [0.9921875 ],
       [0.9921875 ],
       [0.41796875],
       [0.01171875],
       [0.        ],
       [0.        ],
       [0.        ],
       [0.        ],
       [0.21875   ],
       [0.92578125],
       [0.95703125],
       [0.1171875 ],
       [0.        ],
       [0.        ],
       [0.        ],
       [0.        ],
       [0.        ],
       [0.        ],
       [0.        ],
       [0.        ],
       [0.        ],
       [0.        ],
       [0.        ],
       [0.        ],
       [0.        ],
       [0.        ],
       [0.        ],
       [0.05078125],
       [0.8359375 ],
       [0.9921875 ],
       [0.9921875 ],
       [0.81640625],
       [0.5       ],
       [0.45703125],
       [0.45703125],
       [0.4609375 ],
       [0.9296875 ],
       [0.9921875 ],
       [0.5859375 ],
       [0.        ],
       [0.        ],
       [0.        ],
       [0.        ],
       [0.        ],
       [0.        ],
       [0.        ],
       [0.        ],
       [0.        ],
       [0.        ],
       [0.        ],
       [0.        ],
       [0.        ],
       [0.        ],
       [0.        ],
       [0.        ],
       [0.        ],
       [0.12109375],
       [0.9375    ],
       [0.97265625],
       [0.9921875 ],
       [0.9921875 ],
       [0.9921875 ],
       [0.9921875 ],
       [0.9921875 ],
       [0.9921875 ],
       [0.6328125 ],
       [0.0234375 ],
       [0.        ],
       [0.        ],
       [0.        ],
       [0.        ],
       [0.        ],
       [0.        ],
       [0.        ],
       [0.        ],
       [0.        ],
       [0.        ],
       [0.        ],
       [0.        ],
       [0.        ],
       [0.        ],
       [0.        ],
       [0.        ],
       [0.        ],
       [0.        ],
       [0.        ],
       [0.1875    ],
       [0.6171875 ],
       [0.640625  ],
       [0.88671875],
       [0.640625  ],
       [0.51171875],
       [0.296875  ],
       [0.01171875],
       [0.        ],
       [0.        ],
       [0.        ],
       [0.        ],
       [0.        ],
       [0.        ],
       [0.        ],
       [0.        ],
       [0.        ],
       [0.        ],
       [0.        ],
       [0.        ],
       [0.        ],
       [0.        ],
       [0.        ],
       [0.        ],
       [0.        ],
       [0.        ],
       [0.        ],
       [0.        ],
       [0.        ],
       [0.        ],
       [0.        ],
       [0.        ],
       [0.        ],
       [0.        ],
       [0.        ],
       [0.        ],
       [0.        ],
       [0.        ],
       [0.        ],
       [0.        ],
       [0.        ],
       [0.        ],
       [0.        ],
       [0.        ],
       [0.        ],
       [0.        ],
       [0.        ],
       [0.        ],
       [0.        ],
       [0.        ],
       [0.        ],
       [0.        ],
       [0.        ],
       [0.        ],
       [0.        ],
       [0.        ],
       [0.        ],
       [0.        ],
       [0.        ],
       [0.        ],
       [0.        ],
       [0.        ],
       [0.        ],
       [0.        ],
       [0.        ],
       [0.        ],
       [0.        ],
       [0.        ],
       [0.        ],
       [0.        ],
       [0.        ],
       [0.        ],
       [0.        ],
       [0.        ],
       [0.        ],
       [0.        ],
       [0.        ],
       [0.        ],
       [0.        ],
       [0.        ],
       [0.        ],
       [0.        ],
       [0.        ],
       [0.        ],
       [0.        ],
       [0.        ],
       [0.        ],
       [0.        ],
       [0.        ],
       [0.        ],
       [0.        ],
       [0.        ],
       [0.        ],
       [0.        ],
       [0.        ],
       [0.        ],
       [0.        ],
       [0.        ],
       [0.        ],
       [0.        ],
       [0.        ],
       [0.        ],
       [0.        ],
       [0.        ],
       [0.        ],
       [0.        ],
       [0.        ],
       [0.        ],
       [0.        ],
       [0.        ],
       [0.        ],
       [0.        ],
       [0.        ],
       [0.        ],
       [0.        ],
       [0.        ],
       [0.        ],
       [0.        ],
       [0.        ],
       [0.        ],
       [0.        ],
       [0.        ],
       [0.        ],
       [0.        ],
       [0.        ],
       [0.        ],
       [0.        ],
       [0.        ],
       [0.        ],
       [0.        ],
       [0.        ],
       [0.        ],
       [0.        ],
       [0.        ],
       [0.        ],
       [0.        ],
       [0.        ],
       [0.        ],
       [0.        ],
       [0.        ],
       [0.        ],
       [0.        ],
       [0.        ],
       [0.        ],
       [0.        ],
       [0.        ],
       [0.        ],
       [0.        ],
       [0.        ],
       [0.        ],
       [0.        ],
       [0.        ],
       [0.        ],
       [0.        ],
       [0.        ],
       [0.        ]], dtype=float32), array([[1.23531918],
       [0.09751902],
       [0.        ],
       [0.        ],
       [0.27000609],
       [0.        ],
       [0.        ],
       [0.8310538 ],
       [0.10118459],
       [0.78072298],
       [0.        ],
       [1.85497024],
       [2.1895442 ],
       [0.13295858],
       [0.01659933],
       [0.        ],
       [0.        ],
       [0.        ],
       [1.34572342],
       [0.        ],
       [1.25622676],
       [0.        ],
       [0.        ],
       [0.        ],
       [0.        ],
       [0.        ],
       [0.        ],
       [0.        ],
       [0.        ],
       [0.        ],
       [0.        ],
       [0.40536678],
       [0.        ],
       [0.39751572],
       [0.        ],
       [0.        ],
       [0.        ],
       [0.03404358],
       [0.08442786],
       [0.41167816],
       [0.        ],
       [0.        ],
       [0.        ],
       [0.24784726],
       [0.        ],
       [0.58734092],
       [0.        ],
       [0.        ],
       [0.        ],
       [0.        ]]), array([[0.10359044],
       [0.03720456],
       [0.13633642],
       [0.05017884],
       [0.13118574],
       [0.07202703],
       [0.28747556],
       [0.02604347],
       [0.09937546],
       [0.05658248]])]