net.weights:[array([0.]), array([[ 2.56199572e-15,  7.75597982e-16,  1.84141768e-15, ...,
        -1.40890933e-15, -1.96588407e-15, -3.30831649e-16],
       [ 1.20755601e-15,  2.92789252e-16, -1.00410601e-15, ...,
        -2.53201769e-16,  3.84334756e-15, -1.02478208e-16],
       [-8.18805883e-16, -4.04057331e-16, -1.96317315e-15, ...,
         4.57145210e-17, -9.42583518e-16, -1.03582751e-15],
       ...,
       [-5.51468617e-16,  9.21517393e-16,  5.97933315e-17, ...,
        -3.86486851e-16,  1.06054047e-15,  3.34061583e-16],
       [-2.42689785e-15, -9.47975349e-16, -8.93989500e-16, ...,
         3.69748335e-15, -7.04726445e-16,  7.46796693e-16],
       [ 5.68830953e-16, -1.61979668e-15, -9.03794745e-16, ...,
         9.37390660e-16, -1.10834988e-15, -1.62352349e-15]]), array([[-1.93115347e-01, -1.33385748e-01, -7.86421890e-16,
        -2.99409799e-15,  1.01055003e-15,  8.34232430e-16,
        -3.59193130e-02,  1.53079576e-16, -2.78653236e-02,
         1.34321589e-01, -1.14047186e-01, -2.12161740e-01,
         1.20962817e-15,  1.56901355e-15, -1.05908519e-01,
         1.24127106e-15,  3.89968971e-02,  1.26130042e-15,
        -3.81396047e-02, -1.46819083e-15, -1.56193730e-15,
         1.58145078e-15, -5.25849669e-02,  2.95494290e-16,
        -1.15881438e-15, -5.57520449e-02, -9.29148033e-20,
        -1.76603395e-01, -9.83745541e-03,  4.42660824e-16,
        -2.07106224e-01,  7.54674104e-01, -1.78768857e-15,
         1.57668510e-15, -3.03180647e-01,  9.32709577e-16,
        -1.50595668e-01, -1.92559599e-01,  2.08936964e-15,
        -9.19220284e-02,  2.80321597e-01,  2.33925943e-15,
         5.23668697e-16, -2.86711723e-02, -1.79602377e-01,
         4.78041427e-16, -2.62131019e-02,  5.44778772e-16,
         9.53922542e-17, -1.31907877e-01],
       [ 1.99190281e-01, -1.53975822e-01, -5.20667297e-16,
         1.41567582e-15,  2.47327588e-15, -6.15747072e-16,
        -1.24548673e-01,  1.93884382e-15, -7.40580469e-02,
        -8.77889513e-02,  6.95945345e-02,  2.81733851e-01,
        -2.88977960e-15,  4.10084967e-18, -6.77528357e-02,
        -1.52096561e-16, -3.00249119e-02,  3.85089534e-16,
        -9.21639253e-02, -9.44431326e-16,  1.09019853e-15,
        -1.11135826e-15,  4.83255092e-01,  9.11618221e-17,
        -1.45620077e-15,  4.80823230e-01,  1.51079496e-16,
         2.50107872e-01,  1.36169426e-02,  1.86692307e-15,
        -1.10391777e-01, -4.03746091e-01, -1.94911546e-15,
        -1.25542846e-16,  2.74535086e-01,  7.73171624e-16,
         6.52011429e-02, -2.12372120e-01, -9.15793191e-16,
         1.14549067e-01, -2.90483511e-01,  9.58535825e-16,
         1.35422994e-16, -1.70069193e-01, -1.50827719e-01,
         8.39021750e-16, -1.45739949e-02,  1.34641680e-16,
         3.89971465e-16, -8.69282531e-02],
       [-1.45773543e-01, -1.23599099e-02,  1.52109372e-15,
        -1.03494932e-15, -6.20806751e-16, -1.91343457e-15,
        -8.15889492e-02, -2.77827726e-16, -3.23513398e-02,
         7.28115908e-02, -7.02195930e-02,  2.04903812e-01,
        -2.17940105e-15, -3.10793480e-15,  2.10541515e-02,
        -1.84126581e-15, -2.02413819e-02,  3.12625480e-15,
         3.26737586e-02, -5.54380395e-16, -4.53788356e-16,
        -3.30859878e-16, -1.14724435e-01,  1.37814900e-15,
         3.02959476e-15, -1.29963397e-01,  7.93688477e-17,
        -1.22316616e-01,  3.13492748e-02,  2.12657226e-16,
        -1.09336134e-01, -1.53933922e-01, -2.23321476e-15,
         2.70192585e-15,  6.17666603e-01,  1.39998381e-15,
        -1.64544786e-01, -2.74595564e-01,  1.54050415e-15,
        -5.92141656e-02,  5.84945506e-01, -1.34259467e-15,
         1.48331280e-15, -7.52230082e-02, -5.09929962e-02,
        -1.44392958e-16, -2.07064085e-02, -1.42683337e-16,
        -2.15025826e-15, -7.18338490e-02],
       [-2.40664088e-02, -1.30171089e-01,  9.57832569e-16,
         1.34495009e-15, -1.46819369e-15,  7.97654561e-16,
         1.42180066e-01,  9.43654742e-16, -1.23932256e-02,
         1.79382649e-01, -3.67723945e-02, -1.01174118e-01,
         9.67529606e-16,  2.38129731e-16, -7.81527946e-02,
        -3.02637327e-16,  5.29048474e-02, -1.34047842e-15,
        -1.14219739e-01,  3.46247068e-16,  3.28775531e-15,
        -3.88843207e-16, -1.70418583e-01,  1.78133893e-15,
        -2.21631359e-15, -1.70912673e-01, -1.12754339e-15,
         3.14159186e-01, -6.67816393e-03,  1.11781700e-15,
         6.58161569e-01,  7.03711456e-02, -2.88004813e-16,
        -1.58834862e-15,  2.75602692e-01, -9.27284344e-16,
        -6.06093721e-02, -3.54578334e-01,  1.33752219e-15,
         2.51020351e-01, -8.57774598e-02, -1.53200200e-17,
         9.70211220e-16, -3.52746004e-02, -3.15247077e-02,
        -1.96593839e-15, -2.20362053e-02, -1.22993289e-15,
        -3.04536384e-16, -6.62085139e-02],
       [-8.93681352e-02,  4.72921572e-01,  1.77664247e-16,
         1.78206001e-15,  8.72728288e-17, -1.20950381e-15,
         8.73466309e-02, -1.74804665e-15, -6.85602267e-02,
        -3.23811237e-02, -3.25491163e-01, -1.60636771e-01,
        -2.59483484e-15,  1.67856263e-15, -1.99699552e-01,
         7.46792455e-16, -3.60575691e-02,  1.53205326e-15,
         1.17535335e-01, -1.82262283e-16, -6.20660990e-16,
        -3.35612067e-16, -7.30101628e-03, -8.50089723e-17,
        -1.12554268e-15, -8.55159216e-03,  1.27809430e-16,
        -6.44374367e-02, -6.47684191e-03,  5.61348145e-16,
        -6.90051799e-02, -3.81079984e-01,  1.04845101e-15,
        -1.41965066e-15, -2.42196440e-01, -8.45550007e-16,
        -6.27455797e-02,  4.45659884e-01, -3.48294903e-16,
        -4.21083701e-02, -1.11948791e-01,  1.86484075e-15,
         7.57562816e-16,  1.60400169e-02,  4.34615677e-01,
         2.41795176e-15, -1.23204955e-01,  1.73820872e-15,
        -1.34723991e-16,  2.58852489e-01],
       [ 1.95776276e-01, -9.70725971e-02, -1.02194783e-15,
        -2.41086833e-16, -2.31744516e-16, -5.63727766e-16,
        -1.73757951e-01,  1.00563221e-15, -4.71993270e-02,
        -1.24627934e-01, -2.34731068e-01, -6.96906619e-02,
         3.09233484e-15,  3.04895124e-15,  2.77380565e-02,
        -1.86396938e-15, -1.99746277e-02, -1.22793900e-15,
        -1.18810666e-01,  4.65311484e-16, -4.27890481e-16,
         1.53277554e-16,  6.74197872e-02, -4.48657759e-16,
         7.81614601e-16,  7.79350646e-02, -1.46965190e-15,
        -7.86893911e-02,  1.40115199e-03, -2.50107693e-15,
         3.73332766e-01,  4.56522280e-01, -1.19683502e-16,
         7.00317787e-16, -2.59061602e-01,  4.84196768e-16,
         3.21134935e-01,  2.11186219e-01,  1.56852374e-16,
        -1.09163953e-01, -2.52239111e-01, -1.11602737e-16,
        -1.88987411e-16, -1.21667377e-01, -1.08452364e-01,
        -1.26168622e-15, -1.61211434e-03,  3.50545671e-16,
        -1.28653927e-15,  1.74701158e-01],
       [ 1.80472767e-02, -1.80392835e-01, -7.85527873e-16,
        -6.67669621e-16, -2.13431128e-15, -1.40363835e-15,
        -1.39932629e-01, -8.96964891e-16, -1.03213868e-01,
        -7.84876890e-02, -1.73362721e-01,  1.53017563e-01,
        -2.50474375e-15,  4.92061516e-16, -1.08498358e-01,
        -1.24098642e-15, -2.66682793e-02, -5.41050182e-17,
         7.18382931e-01,  2.06001371e-16, -2.44061498e-16,
         2.69606981e-16, -4.71660637e-02,  1.53090704e-16,
        -1.11405134e-15, -4.34783803e-02, -1.83446904e-18,
        -6.76480898e-02, -2.31105638e-04, -1.92087174e-16,
        -1.29040808e-01, -2.04082784e-01, -2.97279233e-16,
         2.82443518e-16, -2.26238936e-01, -3.79204772e-16,
         2.26338697e-02,  3.66132050e-01,  2.72064414e-16,
        -7.51075595e-02,  3.12377726e-01,  3.06546679e-15,
        -1.81742421e-16, -1.95168257e-01, -2.51626563e-01,
         1.75149077e-15, -7.98668555e-02,  3.12450784e-16,
         8.15811543e-17, -1.40254754e-01],
       [-1.57171792e-01,  2.66816405e-01, -5.96812010e-16,
         2.83530702e-15, -8.54918692e-16,  1.21995655e-15,
         3.03461599e-01,  2.00345111e-15,  1.11432162e-01,
         5.13489719e-02,  1.04321874e-01, -5.99951037e-02,
        -9.54439900e-16,  8.65298574e-16,  7.73979827e-01,
        -1.02332066e-15,  7.52663817e-02,  5.98843563e-16,
        -2.05638228e-01, -8.71521534e-17, -1.26825287e-16,
         1.18203520e-15,  1.06238518e-02,  1.88383291e-16,
         7.01263299e-16,  2.99888036e-03, -7.75518125e-17,
        -9.69300453e-02,  3.07854344e-03,  8.77368822e-16,
        -1.77934768e-01, -3.76700424e-02,  1.81198991e-15,
         2.18909829e-15, -9.92059966e-03, -2.28189815e-15,
        -1.74232925e-01, -2.85621823e-01,  3.74878062e-16,
         1.30600936e-01, -2.36406313e-01, -1.36899829e-16,
        -9.63150003e-16,  1.46106958e-01,  2.26129620e-02,
         1.00467609e-15,  1.75564093e-01, -3.36165944e-16,
         6.89484110e-16, -1.34542243e-01],
       [ 1.88108538e-01, -2.97810169e-01,  7.06288902e-16,
        -2.46002774e-16,  1.86980386e-15,  1.07286594e-15,
        -1.44074427e-01,  1.44011387e-16,  1.26400123e-02,
        -7.69543653e-02,  2.55801673e-01,  1.77317843e-01,
         2.39606823e-15, -1.10358251e-15, -1.55208453e-01,
         2.47297771e-15, -3.03311597e-02,  9.72743066e-17,
        -3.43181321e-01, -3.83763677e-16, -6.63612698e-16,
         2.90957219e-16, -1.43252391e-01, -8.76367560e-16,
         2.45646126e-15, -1.34755441e-01, -2.38305236e-15,
         7.17955212e-02, -1.62242789e-02, -4.19133457e-16,
        -2.34282653e-01,  1.50196076e-01, -1.35273836e-15,
        -1.02166561e-15,  2.24425045e-01, -7.52450777e-16,
         1.53721135e-01,  3.41194734e-01,  1.20384780e-15,
        -7.76299352e-02, -1.07149514e-01, -1.57433178e-16,
         2.22642633e-15,  1.46802584e-01,  8.16150993e-02,
        -1.04291672e-15, -8.67145414e-02,  1.21414060e-15,
         9.15131637e-16,  2.20546003e-01],
       [ 8.37285391e-03,  2.65430193e-01, -1.01734361e-15,
         1.86627012e-15, -5.16692937e-16,  4.61007495e-16,
         1.66833646e-01,  4.00580058e-16,  2.41569183e-01,
        -3.76247370e-02,  5.24906043e-01, -2.13314674e-01,
        -3.20936087e-16,  2.47769425e-16, -1.07551523e-01,
        -1.35790543e-15, -3.87019657e-03, -1.55801408e-15,
         4.35614589e-02,  6.69834857e-16, -6.49333107e-17,
        -1.99458975e-15, -2.58512758e-02,  5.57863052e-16,
        -3.95003561e-16, -1.83436474e-02, -5.79734651e-16,
        -2.94376057e-02, -9.99806699e-03,  6.90652912e-17,
         5.60320789e-03, -2.51250782e-01,  4.12392967e-16,
         1.61804818e-15, -3.51631202e-01, -5.61411257e-16,
         5.00372492e-02, -4.44454465e-02, -5.45995092e-16,
        -4.10243415e-02, -9.36401288e-02,  5.29018265e-16,
        -2.26364404e-15,  3.17124049e-01,  2.34182990e-01,
         1.62331524e-16,  1.99364084e-01,  1.33855477e-15,
         9.75993706e-16, -2.24241613e-02]])],net.biases:[array([0.]), array([[ 3.60715492e-02],
       [ 9.59972428e-02],
       [-1.76688640e-11],
       [-4.71243479e-12],
       [-4.74015139e-12],
       [-1.12937577e-11],
       [ 3.92222405e-02],
       [-9.03441537e-12],
       [ 5.86395980e-04],
       [-9.04106608e-04],
       [-3.01183525e-02],
       [ 2.55090264e-02],
       [-2.32411514e-11],
       [-7.71116610e-13],
       [ 8.45491321e-02],
       [-4.24589711e-12],
       [ 7.10972508e-03],
       [-4.25373641e-12],
       [ 6.22579329e-02],
       [-8.84117682e-12],
       [-2.44744235e-12],
       [-1.50461151e-11],
       [ 8.86608670e-02],
       [-1.29910639e-11],
       [-8.65391257e-12],
       [ 8.94141864e-02],
       [-1.82288183e-11],
       [ 1.94524912e-02],
       [ 4.96638963e-03],
       [-2.32998925e-12],
       [ 4.25020025e-02],
       [ 3.48744442e-02],
       [-1.20068233e-11],
       [-2.62011620e-11],
       [-8.70043982e-03],
       [-1.65504542e-11],
       [ 3.45937166e-02],
       [ 2.17889792e-02],
       [-1.83569183e-11],
       [ 3.34720623e-02],
       [-1.40297278e-02],
       [-1.91241312e-12],
       [-1.14699813e-11],
       [-1.93722245e-02],
       [ 1.71034732e-02],
       [-1.51647820e-11],
       [ 2.58966607e-02],
       [-3.91600015e-12],
       [-2.48090739e-11],
       [ 6.69956503e-03]]), array([[-0.0416485 ],
       [ 0.08843918],
       [-0.02203256],
       [-0.03633473],
       [ 0.02875475],
       [ 0.10139677],
       [ 0.00328429],
       [ 0.05443364],
       [-0.15493729],
       [-0.02135555]])],net.linear:[array([0.]), array([[ 8.25459929e-01],
       [ 2.58530670e+00],
       [-1.77179252e-11],
       [-4.71651912e-12],
       [-4.72363972e-12],
       [-1.13151043e-11],
       [ 1.60360842e+00],
       [-9.03463958e-12],
       [ 1.00089939e+00],
       [ 1.35855607e-01],
       [ 2.05762981e+00],
       [ 3.52475275e-01],
       [-2.32547889e-11],
       [-7.61605322e-13],
       [ 1.62178779e+00],
       [-4.25266318e-12],
       [ 1.95792435e-01],
       [-4.26250921e-12],
       [ 9.24681820e-01],
       [-8.86960166e-12],
       [-2.45479804e-12],
       [-1.50630903e-11],
       [ 6.50626341e-01],
       [-1.30019578e-11],
       [-8.66094676e-12],
       [ 7.12488624e-01],
       [-1.82388538e-11],
       [ 5.38287788e-01],
       [ 1.21197250e-02],
       [-2.32770062e-12],
       [ 4.73696970e-01],
       [ 1.05015238e+00],
       [-1.20438253e-11],
       [-2.62301001e-11],
       [ 4.17622861e-01],
       [-1.65721558e-11],
       [ 8.43105202e-01],
       [ 2.01405905e+00],
       [-1.83775897e-11],
       [ 5.23932636e-01],
       [-4.08226886e-02],
       [-1.91660334e-12],
       [-1.14837066e-11],
       [ 1.73759059e+00],
       [ 2.16804897e+00],
       [-1.51782105e-11],
       [ 8.88239323e-01],
       [-3.90375324e-12],
       [-2.48268226e-11],
       [ 1.05704542e+00]]), array([[-1.89723748],
       [-0.9922846 ],
       [-1.58703134],
       [-0.89468986],
       [ 1.68889154],
       [ 0.07109826],
       [-1.45296593],
       [ 1.99116039],
       [ 0.36584876],
       [ 2.70721026]])],net.nuerons:[array([[0.        ],
       [0.        ],
       [0.        ],
       [0.        ],
       [0.        ],
       [0.        ],
       [0.        ],
       [0.        ],
       [0.        ],
       [0.        ],
       [0.        ],
       [0.        ],
       [0.        ],
       [0.        ],
       [0.        ],
       [0.        ],
       [0.        ],
       [0.        ],
       [0.        ],
       [0.        ],
       [0.        ],
       [0.        ],
       [0.        ],
       [0.        ],
       [0.        ],
       [0.        ],
       [0.        ],
       [0.        ],
       [0.        ],
       [0.        ],
       [0.        ],
       [0.        ],
       [0.        ],
       [0.        ],
       [0.        ],
       [0.        ],
       [0.        ],
       [0.        ],
       [0.        ],
       [0.        ],
       [0.        ],
       [0.        ],
       [0.        ],
       [0.        ],
       [0.        ],
       [0.        ],
       [0.        ],
       [0.        ],
       [0.        ],
       [0.        ],
       [0.        ],
       [0.        ],
       [0.        ],
       [0.        ],
       [0.        ],
       [0.        ],
       [0.        ],
       [0.        ],
       [0.        ],
       [0.        ],
       [0.        ],
       [0.        ],
       [0.        ],
       [0.        ],
       [0.        ],
       [0.        ],
       [0.        ],
       [0.        ],
       [0.        ],
       [0.        ],
       [0.        ],
       [0.        ],
       [0.        ],
       [0.        ],
       [0.        ],
       [0.        ],
       [0.        ],
       [0.        ],
       [0.        ],
       [0.        ],
       [0.        ],
       [0.        ],
       [0.        ],
       [0.        ],
       [0.        ],
       [0.        ],
       [0.        ],
       [0.        ],
       [0.        ],
       [0.        ],
       [0.        ],
       [0.        ],
       [0.        ],
       [0.        ],
       [0.        ],
       [0.        ],
       [0.        ],
       [0.        ],
       [0.        ],
       [0.        ],
       [0.        ],
       [0.        ],
       [0.        ],
       [0.        ],
       [0.        ],
       [0.        ],
       [0.        ],
       [0.        ],
       [0.        ],
       [0.        ],
       [0.        ],
       [0.        ],
       [0.        ],
       [0.        ],
       [0.        ],
       [0.        ],
       [0.        ],
       [0.        ],
       [0.        ],
       [0.        ],
       [0.        ],
       [0.        ],
       [0.        ],
       [0.        ],
       [0.        ],
       [0.        ],
       [0.        ],
       [0.        ],
       [0.        ],
       [0.        ],
       [0.        ],
       [0.        ],
       [0.        ],
       [0.        ],
       [0.        ],
       [0.        ],
       [0.        ],
       [0.        ],
       [0.        ],
       [0.        ],
       [0.        ],
       [0.        ],
       [0.        ],
       [0.        ],
       [0.        ],
       [0.        ],
       [0.        ],
       [0.        ],
       [0.        ],
       [0.        ],
       [0.        ],
       [0.        ],
       [0.        ],
       [0.        ],
       [0.        ],
       [0.        ],
       [0.        ],
       [0.        ],
       [0.        ],
       [0.        ],
       [0.        ],
       [0.        ],
       [0.        ],
       [0.        ],
       [0.        ],
       [0.        ],
       [0.        ],
       [0.        ],
       [0.        ],
       [0.        ],
       [0.        ],
       [0.        ],
       [0.        ],
       [0.        ],
       [0.        ],
       [0.        ],
       [0.        ],
       [0.        ],
       [0.        ],
       [0.        ],
       [0.        ],
       [0.        ],
       [0.        ],
       [0.        ],
       [0.        ],
       [0.        ],
       [0.        ],
       [0.        ],
       [0.        ],
       [0.        ],
       [0.        ],
       [0.        ],
       [0.        ],
       [0.        ],
       [0.        ],
       [0.        ],
       [0.        ],
       [0.        ],
       [0.        ],
       [0.        ],
       [0.        ],
       [0.        ],
       [0.        ],
       [0.        ],
       [0.        ],
       [0.        ],
       [0.        ],
       [0.        ],
       [0.        ],
       [0.        ],
       [0.10546875],
       [0.38671875],
       [0.7109375 ],
       [0.9921875 ],
       [0.9921875 ],
       [0.9921875 ],
       [0.4140625 ],
       [0.01953125],
       [0.        ],
       [0.        ],
       [0.        ],
       [0.        ],
       [0.        ],
       [0.        ],
       [0.        ],
       [0.        ],
       [0.        ],
       [0.        ],
       [0.        ],
       [0.        ],
       [0.        ],
       [0.        ],
       [0.        ],
       [0.        ],
       [0.        ],
       [0.        ],
       [0.        ],
       [0.16796875],
       [0.6171875 ],
       [0.9921875 ],
       [0.98828125],
       [0.95703125],
       [0.94140625],
       [0.98828125],
       [0.9921875 ],
       [0.14453125],
       [0.        ],
       [0.        ],
       [0.        ],
       [0.        ],
       [0.        ],
       [0.        ],
       [0.        ],
       [0.        ],
       [0.        ],
       [0.        ],
       [0.        ],
       [0.        ],
       [0.        ],
       [0.        ],
       [0.        ],
       [0.        ],
       [0.09375   ],
       [0.546875  ],
       [0.84765625],
       [0.95703125],
       [0.88671875],
       [0.84765625],
       [0.515625  ],
       [0.171875  ],
       [0.12109375],
       [0.78515625],
       [0.9921875 ],
       [0.421875  ],
       [0.        ],
       [0.        ],
       [0.        ],
       [0.        ],
       [0.        ],
       [0.        ],
       [0.        ],
       [0.        ],
       [0.        ],
       [0.        ],
       [0.        ],
       [0.        ],
       [0.        ],
       [0.        ],
       [0.        ],
       [0.0546875 ],
       [0.7890625 ],
       [0.98828125],
       [0.90234375],
       [0.4140625 ],
       [0.0625    ],
       [0.        ],
       [0.015625  ],
       [0.30078125],
       [0.79296875],
       [0.98828125],
       [0.96875   ],
       [0.140625  ],
       [0.        ],
       [0.        ],
       [0.        ],
       [0.        ],
       [0.        ],
       [0.        ],
       [0.        ],
       [0.        ],
       [0.        ],
       [0.        ],
       [0.        ],
       [0.        ],
       [0.        ],
       [0.        ],
       [0.02734375],
       [0.80859375],
       [0.9921875 ],
       [0.70703125],
       [0.140625  ],
       [0.        ],
       [0.        ],
       [0.        ],
       [0.33984375],
       [0.98828125],
       [0.9609375 ],
       [0.6328125 ],
       [0.203125  ],
       [0.        ],
       [0.        ],
       [0.        ],
       [0.        ],
       [0.        ],
       [0.        ],
       [0.        ],
       [0.        ],
       [0.        ],
       [0.        ],
       [0.        ],
       [0.        ],
       [0.        ],
       [0.        ],
       [0.        ],
       [0.65234375],
       [0.9921875 ],
       [0.9140625 ],
       [0.17578125],
       [0.        ],
       [0.        ],
       [0.10546875],
       [0.61328125],
       [0.9921875 ],
       [0.9921875 ],
       [0.81640625],
       [0.        ],
       [0.        ],
       [0.        ],
       [0.        ],
       [0.        ],
       [0.        ],
       [0.        ],
       [0.        ],
       [0.        ],
       [0.        ],
       [0.        ],
       [0.        ],
       [0.        ],
       [0.        ],
       [0.        ],
       [0.        ],
       [0.        ],
       [0.77734375],
       [0.98828125],
       [0.37890625],
       [0.046875  ],
       [0.21484375],
       [0.3671875 ],
       [0.84375   ],
       [0.9921875 ],
       [0.98828125],
       [0.98828125],
       [0.5625    ],
       [0.        ],
       [0.        ],
       [0.        ],
       [0.        ],
       [0.        ],
       [0.        ],
       [0.        ],
       [0.        ],
       [0.        ],
       [0.        ],
       [0.        ],
       [0.        ],
       [0.        ],
       [0.        ],
       [0.        ],
       [0.        ],
       [0.        ],
       [0.55078125],
       [0.98828125],
       [0.90234375],
       [0.87890625],
       [0.98828125],
       [0.9765625 ],
       [0.84375   ],
       [0.9921875 ],
       [0.98828125],
       [0.96484375],
       [0.23046875],
       [0.        ],
       [0.        ],
       [0.        ],
       [0.        ],
       [0.        ],
       [0.        ],
       [0.        ],
       [0.        ],
       [0.        ],
       [0.        ],
       [0.        ],
       [0.        ],
       [0.        ],
       [0.        ],
       [0.        ],
       [0.        ],
       [0.        ],
       [0.04296875],
       [0.81640625],
       [0.91796875],
       [0.91796875],
       [0.4375    ],
       [0.1953125 ],
       [0.28125   ],
       [0.9921875 ],
       [0.98828125],
       [0.69140625],
       [0.        ],
       [0.        ],
       [0.        ],
       [0.        ],
       [0.        ],
       [0.        ],
       [0.        ],
       [0.        ],
       [0.        ],
       [0.        ],
       [0.        ],
       [0.        ],
       [0.        ],
       [0.        ],
       [0.        ],
       [0.        ],
       [0.        ],
       [0.        ],
       [0.        ],
       [0.        ],
       [0.        ],
       [0.        ],
       [0.        ],
       [0.        ],
       [0.60546875],
       [0.9921875 ],
       [0.91015625],
       [0.19140625],
       [0.        ],
       [0.        ],
       [0.        ],
       [0.        ],
       [0.        ],
       [0.        ],
       [0.        ],
       [0.        ],
       [0.        ],
       [0.        ],
       [0.        ],
       [0.        ],
       [0.        ],
       [0.        ],
       [0.        ],
       [0.        ],
       [0.        ],
       [0.        ],
       [0.        ],
       [0.        ],
       [0.        ],
       [0.        ],
       [0.        ],
       [0.30078125],
       [0.9921875 ],
       [0.99609375],
       [0.44921875],
       [0.        ],
       [0.        ],
       [0.        ],
       [0.        ],
       [0.        ],
       [0.        ],
       [0.        ],
       [0.        ],
       [0.        ],
       [0.        ],
       [0.        ],
       [0.        ],
       [0.        ],
       [0.        ],
       [0.        ],
       [0.        ],
       [0.        ],
       [0.        ],
       [0.        ],
       [0.        ],
       [0.        ],
       [0.        ],
       [0.        ],
       [0.03125   ],
       [0.796875  ],
       [0.98828125],
       [0.7265625 ],
       [0.0078125 ],
       [0.        ],
       [0.        ],
       [0.        ],
       [0.        ],
       [0.        ],
       [0.        ],
       [0.        ],
       [0.        ],
       [0.        ],
       [0.        ],
       [0.        ],
       [0.        ],
       [0.        ],
       [0.        ],
       [0.        ],
       [0.        ],
       [0.        ],
       [0.        ],
       [0.        ],
       [0.        ],
       [0.        ],
       [0.        ],
       [0.        ],
       [0.5       ],
       [0.98828125],
       [0.98828125],
       [0.35546875],
       [0.        ],
       [0.        ],
       [0.        ],
       [0.        ],
       [0.        ],
       [0.        ],
       [0.        ],
       [0.        ],
       [0.        ],
       [0.        ],
       [0.        ],
       [0.        ],
       [0.        ],
       [0.        ],
       [0.        ],
       [0.        ],
       [0.        ],
       [0.        ],
       [0.        ],
       [0.        ],
       [0.        ],
       [0.        ],
       [0.        ],
       [0.59765625],
       [0.95703125],
       [0.98828125],
       [0.70703125],
       [0.        ],
       [0.        ],
       [0.        ],
       [0.        ],
       [0.        ],
       [0.        ],
       [0.        ],
       [0.        ],
       [0.        ],
       [0.        ],
       [0.        ],
       [0.        ],
       [0.        ],
       [0.        ],
       [0.        ],
       [0.        ],
       [0.        ],
       [0.        ],
       [0.        ],
       [0.        ],
       [0.        ],
       [0.        ],
       [0.        ],
       [0.10546875],
       [0.9453125 ],
       [0.98828125],
       [0.8359375 ],
       [0.28125   ],
       [0.        ],
       [0.        ],
       [0.        ],
       [0.        ],
       [0.        ],
       [0.        ],
       [0.        ],
       [0.        ],
       [0.        ],
       [0.        ],
       [0.        ],
       [0.        ],
       [0.        ],
       [0.        ],
       [0.        ],
       [0.        ],
       [0.        ],
       [0.        ],
       [0.        ],
       [0.        ],
       [0.        ],
       [0.        ],
       [0.        ],
       [0.51171875],
       [0.9921875 ],
       [0.94921875],
       [0.27734375],
       [0.        ],
       [0.        ],
       [0.        ],
       [0.        ],
       [0.        ],
       [0.        ],
       [0.        ],
       [0.        ],
       [0.        ],
       [0.        ],
       [0.        ],
       [0.        ],
       [0.        ],
       [0.        ],
       [0.        ],
       [0.        ],
       [0.        ],
       [0.        ],
       [0.        ],
       [0.        ],
       [0.        ],
       [0.        ],
       [0.        ],
       [0.078125  ],
       [0.96484375],
       [0.98828125],
       [0.44140625],
       [0.        ],
       [0.        ],
       [0.        ],
       [0.        ],
       [0.        ],
       [0.        ],
       [0.        ],
       [0.        ],
       [0.        ],
       [0.        ],
       [0.        ],
       [0.        ],
       [0.        ],
       [0.        ],
       [0.        ],
       [0.        ],
       [0.        ],
       [0.        ],
       [0.        ],
       [0.        ],
       [0.        ],
       [0.        ],
       [0.        ],
       [0.        ],
       [0.53125   ],
       [0.9921875 ],
       [0.625     ],
       [0.01953125],
       [0.        ],
       [0.        ],
       [0.        ],
       [0.        ],
       [0.        ],
       [0.        ],
       [0.        ],
       [0.        ],
       [0.        ],
       [0.        ],
       [0.        ],
       [0.        ],
       [0.        ],
       [0.        ],
       [0.        ],
       [0.        ],
       [0.        ],
       [0.        ],
       [0.        ],
       [0.        ],
       [0.        ],
       [0.        ],
       [0.        ],
       [0.        ],
       [0.70703125],
       [0.96875   ],
       [0.140625  ],
       [0.        ],
       [0.        ],
       [0.        ],
       [0.        ],
       [0.        ],
       [0.        ],
       [0.        ],
       [0.        ],
       [0.        ],
       [0.        ],
       [0.        ],
       [0.        ],
       [0.        ],
       [0.        ],
       [0.        ],
       [0.        ],
       [0.        ],
       [0.        ],
       [0.        ],
       [0.        ],
       [0.        ],
       [0.        ],
       [0.        ],
       [0.        ],
       [0.        ],
       [0.70703125],
       [0.578125  ],
       [0.        ],
       [0.        ],
       [0.        ],
       [0.        ],
       [0.        ],
       [0.        ],
       [0.        ],
       [0.        ],
       [0.        ],
       [0.        ],
       [0.        ],
       [0.        ],
       [0.        ],
       [0.        ],
       [0.        ],
       [0.        ],
       [0.        ],
       [0.        ],
       [0.        ],
       [0.        ],
       [0.        ],
       [0.        ],
       [0.        ],
       [0.        ],
       [0.        ],
       [0.        ],
       [0.        ],
       [0.        ],
       [0.        ],
       [0.        ],
       [0.        ],
       [0.        ],
       [0.        ],
       [0.        ],
       [0.        ],
       [0.        ],
       [0.        ],
       [0.        ],
       [0.        ],
       [0.        ],
       [0.        ],
       [0.        ],
       [0.        ],
       [0.        ],
       [0.        ]], dtype=float32), array([[0.82545993],
       [2.5853067 ],
       [0.        ],
       [0.        ],
       [0.        ],
       [0.        ],
       [1.60360842],
       [0.        ],
       [1.00089939],
       [0.13585561],
       [2.05762981],
       [0.35247528],
       [0.        ],
       [0.        ],
       [1.62178779],
       [0.        ],
       [0.19579244],
       [0.        ],
       [0.92468182],
       [0.        ],
       [0.        ],
       [0.        ],
       [0.65062634],
       [0.        ],
       [0.        ],
       [0.71248862],
       [0.        ],
       [0.53828779],
       [0.01211973],
       [0.        ],
       [0.47369697],
       [1.05015238],
       [0.        ],
       [0.        ],
       [0.41762286],
       [0.        ],
       [0.8431052 ],
       [2.01405905],
       [0.        ],
       [0.52393264],
       [0.        ],
       [0.        ],
       [0.        ],
       [1.73759059],
       [2.16804897],
       [0.        ],
       [0.88823932],
       [0.        ],
       [0.        ],
       [1.05704542]]), array([[0.00474505],
       [0.01172888],
       [0.00647085],
       [0.01293128],
       [0.17126818],
       [0.03396863],
       [0.00739921],
       [0.23171299],
       [0.04561278],
       [0.47416215]])]